Node1	Node2
0	1
0	2
0	3
0	4
0	5
0	6
7	8
9	10
11	12
13	14
15	16
15	17
18	19
18	20
18	21
22	23
24	25
24	26
24	27
24	28
24	29
24	30
31	32
33	34
33	35
33	36
33	37
33	38
33	39
33	40
33	41
33	42
43	44
45	46
47	48
49	50
49	51
52	53
52	54
55	56
57	57
58	59
60	61
60	62
61	63
61	64
61	65
61	66
61	67
61	68
61	69
61	63
61	67
70	71
70	72
73	74
75	76
77	78
79	80
81	82
81	83
84	85
84	78
86	87
88	89
90	91
92	93
94	95
96	23
97	74
98	44
99	72
99	100
99	44
99	101
99	102
99	101
103	103
104	105
104	106
107	108
107	109
110	111
105	54
105	112
105	113
114	115
114	115
116	117
116	117
118	119
120	121
122	123
124	125
126	127
128	129
130	63
130	131
130	131
132	133
132	134
135	136
135	137
138	139
138	140
138	141
142	143
144	145
144	146
144	147
144	148
144	149
144	150
144	151
144	146
144	147
144	151
152	153
154	154
155	156
157	158
157	159
157	160
157	161
157	162
157	163
157	160
157	161
157	162
157	158
157	164
157	165
166	167
166	168
166	169
166	170
166	171
166	172
166	141
166	173
166	174
166	175
166	168
166	169
166	173
166	175
176	177
176	178
179	180
179	181
179	182
179	181
183	184
185	186
185	187
188	189
188	190
191	191
191	192
191	193
191	194
191	195
196	197
196	197
196	198
199	200
199	201
199	200
199	201
199	101
202	203
202	204
202	205
202	206
202	207
202	208
202	209
202	203
202	204
202	206
202	207
202	208
210	211
212	213
212	214
215	216
215	217
215	218
215	219
215	220
215	150
215	221
215	217
215	220
222	223
222	224
222	225
222	226
222	227
222	228
222	229
222	230
222	231
222	232
222	233
222	234
222	235
222	236
222	237
222	238
222	239
222	240
222	241
222	194
222	242
222	243
222	244
245	246
245	247
245	248
249	184
249	246
249	250
249	251
249	252
249	169
249	253
249	254
255	256
255	257
258	137
259	127
259	260
259	261
259	262
263	264
263	265
266	267
268	210
268	210
269	270
269	271
269	63
269	272
269	273
269	274
269	275
269	174
269	195
269	276
269	277
269	82
269	275
269	273
278	279
244	280
281	246
281	282
283	284
283	285
283	286
283	287
283	288
283	289
283	287
290	291
141	292
141	166
141	138
141	293
294	295
294	296
297	198
298	48
123	1
123	122
299	300
301	2
302	194
303	127
304	44
305	306
305	307
305	308
305	309
305	310
305	311
312	313
314	315
314	316
314	44
314	317
318	319
318	320
318	320
289	283
321	322
323	127
324	325
326	327
326	328
326	329
326	330
326	288
326	331
326	73
326	332
333	334
204	335
336	337
338	339
340	184
340	341
340	342
340	341
340	342
340	322
343	1
344	345
344	345
344	346
347	348
347	349
347	350
347	351
347	352
347	353
347	354
347	355
347	348
347	351
347	352
356	357
358	137
359	360
361	362
363	364
363	97
363	44
363	365
363	366
367	127
368	1
368	369
368	370
368	371
368	372
373	127
373	285
12	374
12	375
12	376
12	377
12	378
12	379
12	380
12	381
12	11
12	382
12	380
12	376
12	377
383	384
383	385
383	386
383	387
383	388
383	389
383	390
391	392
391	393
394	395
394	396
394	395
397	398
399	400
399	44
399	366
399	400
399	44
56	401
56	194
56	55
402	403
404	405
404	406
404	407
404	231
404	137
404	106
404	408
404	82
404	62
404	409
404	410
404	411
404	106
404	408
404	82
404	412
372	368
372	413
372	414
415	137
416	417
418	419
418	420
418	421
422	111
422	30
422	423
424	111
425	82
425	82
260	259
260	426
427	428
429	429
429	430
431	87
95	432
95	433
95	434
95	435
95	436
95	437
95	438
95	439
95	440
95	295
95	441
95	442
95	443
95	444
95	445
95	446
95	447
95	448
95	449
95	221
95	94
95	438
95	439
95	295
95	442
95	445
95	447
95	221
95	448
450	78
451	452
453	211
454	455
456	225
456	457
456	458
459	460
459	409
239	461
239	462
463	464
463	105
463	53
463	405
463	465
463	127
463	466
463	467
463	106
463	468
463	295
463	469
463	470
463	471
463	472
463	473
463	474
463	475
463	73
463	476
463	477
463	478
417	479
480	481
482	483
482	484
482	485
482	486
482	487
482	488
482	471
482	489
482	490
482	41
482	209
482	491
492	493
494	495
494	496
497	498
499	29
500	501
500	246
500	502
500	268
500	503
500	501
500	268
504	44
221	216
221	177
221	217
221	505
221	44
221	506
221	150
221	476
221	215
221	44
507	508
507	509
507	510
511	512
511	513
511	514
511	515
511	516
511	517
511	518
467	46
519	520
521	522
521	523
521	524
525	137
526	527
526	527
34	528
34	53
34	23
34	265
529	529
375	12
530	531
530	532
530	533
530	67
530	534
530	448
530	533
530	448
535	536
537	538
537	127
537	342
539	540
539	541
539	542
543	53
543	544
545	85
545	85
207	546
207	547
548	549
550	194
550	551
550	552
550	551
553	554
555	556
555	557
558	127
558	62
558	428
559	560
559	561
559	380
559	562
559	563
564	370
565	566
567	44
567	568
26	24
26	569
570	29
571	572
573	574
575	576
575	577
575	578
579	44
579	366
231	404
580	581
580	582
580	10
583	23
80	584
80	585
80	0
80	586
80	587
80	588
80	589
80	590
80	591
80	592
80	593
80	79
80	594
80	595
80	585
80	0
80	590
80	593
80	595
80	588
596	150
596	597
596	598
596	190
596	599
596	597
600	601
600	602
600	71
603	241
603	241
604	605
606	607
608	556
608	273
608	313
608	609
607	606
610	23
611	145
611	612
611	194
611	613
611	552
614	615
614	616
614	617
614	406
614	618
614	231
614	619
614	620
614	621
614	622
614	623
614	624
614	625
614	626
614	627
614	628
614	629
614	409
614	630
614	631
614	632
614	633
614	634
614	635
614	68
614	636
614	69
614	637
14	638
14	127
14	145
14	13
14	639
14	640
14	641
14	642
14	643
14	638
644	645
646	647
648	649
650	592
651	2
382	12
566	565
652	405
652	653
652	82
652	82
654	342
654	342
655	224
655	656
655	657
655	658
655	659
655	660
655	273
655	661
655	662
655	663
655	664
655	174
655	631
655	665
666	667
666	6
23	556
23	668
23	180
23	669
23	670
23	671
23	610
23	34
23	672
23	673
23	674
23	675
23	583
23	676
23	677
23	678
23	679
23	680
23	681
23	682
23	683
23	137
23	96
23	684
23	22
23	685
23	82
23	686
23	687
23	688
23	689
23	690
23	691
23	692
23	693
23	694
23	695
23	696
23	697
23	241
23	698
23	699
23	700
23	701
23	446
23	41
23	702
23	102
23	703
23	81
23	704
23	705
23	706
23	707
23	708
23	709
23	710
23	711
23	712
23	668
23	672
23	673
23	674
23	678
23	680
23	681
23	683
23	685
23	82
23	687
23	689
23	690
23	695
23	697
23	241
23	41
23	704
23	707
23	711
23	712
23	691
23	677
713	127
714	715
563	26
563	422
563	716
563	26
563	113
563	221
563	717
563	718
563	422
563	719
720	617
720	316
720	44
720	721
720	316
720	721
722	723
491	136
724	194
700	23
195	269
725	726
209	202
209	727
728	547
729	357
730	731
732	733
732	414
734	54
735	736
735	737
735	738
735	354
739	112
740	483
740	741
740	422
740	741
740	422
46	742
46	224
46	743
46	467
46	744
46	745
46	45
46	137
46	66
46	746
46	747
46	748
46	749
46	331
46	750
46	276
46	751
46	752
46	742
46	744
46	745
46	137
46	746
46	747
46	331
46	750
46	751
753	237
754	755
754	756
754	127
754	757
754	758
754	351
754	759
754	468
754	685
754	760
754	761
754	756
754	758
754	351
754	759
754	685
754	760
754	757
762	428
762	164
763	764
763	765
763	766
763	767
763	219
763	768
763	769
770	770
770	137
771	772
771	773
771	774
771	726
771	775
771	776
771	82
771	777
771	208
778	779
778	780
778	781
778	782
778	783
778	616
778	784
778	785
778	786
778	787
778	788
778	789
778	790
778	791
778	230
778	792
778	793
778	794
778	231
778	795
778	796
778	797
778	798
778	799
778	608
778	468
778	502
778	800
778	801
778	802
778	590
778	612
778	261
778	803
778	804
778	805
778	806
778	807
778	808
778	809
778	695
778	810
778	811
778	174
778	124
778	812
778	813
778	814
778	815
778	816
778	817
778	818
778	819
778	820
778	821
778	822
778	823
778	824
778	825
778	826
778	827
778	828
778	829
778	830
778	831
778	832
833	198
552	547
552	834
552	835
552	836
552	837
552	838
552	839
552	56
552	51
552	54
552	302
552	840
552	841
552	842
552	843
552	724
552	844
552	6
845	846
845	846
847	294
848	849
848	850
851	83
851	852
851	83
851	852
853	854
853	127
853	854
855	856
857	182
858	127
858	859
860	861
860	862
860	861
863	864
254	865
254	251
254	0
254	252
755	754
866	866
866	867
868	869
868	471
870	74
584	80
871	872
871	872
230	873
230	74
106	106
106	874
106	874
106	28
875	876
877	878
877	44
78	879
78	880
78	881
78	882
78	127
78	63
78	883
78	884
78	885
78	532
78	886
78	494
78	887
78	888
78	889
78	450
78	890
78	84
78	891
78	257
78	429
78	892
78	893
78	173
78	77
78	894
78	895
78	896
78	897
78	884
78	532
78	494
78	887
78	889
78	891
78	429
78	63
898	357
659	899
900	900
900	629
410	404
901	435
901	902
901	187
901	903
901	177
901	904
901	905
280	906
280	728
280	907
280	180
280	853
280	168
280	908
280	909
280	485
280	486
280	910
280	100
280	911
280	683
280	912
280	913
280	914
280	915
280	916
280	917
280	189
280	918
280	919
280	629
280	458
280	920
280	244
280	921
280	922
280	923
280	68
280	728
280	853
280	168
280	683
280	912
280	914
280	915
280	922
280	923
280	920
924	925
924	926
924	927
924	928
924	929
924	930
924	931
924	932
924	927
924	928
924	929
924	930
594	80
933	5
934	935
934	64
934	936
934	67
934	67
937	127
937	586
938	669
938	939
938	940
938	941
938	23
938	23
942	943
942	943
942	112
944	275
945	946
945	946
306	947
236	948
236	949
236	127
236	950
236	884
236	951
236	952
236	953
236	194
236	954
236	949
236	884
236	951
236	552
955	956
955	909
955	425
955	957
955	429
955	425
955	956
955	909
955	957
955	429
955	556
547	728
547	657
547	958
547	959
547	960
547	961
547	63
547	962
547	963
547	964
547	965
547	916
547	767
547	778
547	966
547	967
547	207
547	174
547	194
547	630
547	331
547	968
547	195
547	969
547	970
547	971
547	972
547	276
547	960
547	63
547	963
547	916
547	966
547	195
547	276
973	974
973	246
973	975
973	191
973	910
973	201
973	193
973	194
419	976
419	112
977	366
639	14
978	74
979	980
981	982
983	984
983	490
985	72
125	124
986	936
987	127
987	82
988	471
988	989
671	23
990	405
990	991
990	992
990	388
990	115
990	993
990	422
990	534
371	368
371	994
371	995
371	996
371	997
371	67
371	998
371	999
371	997
371	67
371	998
392	1000
392	1001
1002	1003
1004	586
1004	1005
1004	1006
1004	1007
1004	1006
1004	1007
1008	1009
1008	726
1008	1010
1008	1011
1008	1012
1008	1013
1008	1014
1008	1015
1008	194
1008	1016
1008	1017
1018	726
1018	159
1019	115
1019	115
984	1020
257	255
257	1021
257	1022
257	78
1023	1024
1025	489
1026	479
1027	446
1028	417
1029	495
1030	776
1030	776
1031	53
1032	1033
1032	1034
1032	1034
1035	623
1035	1036
1035	864
1037	145
1037	1038
1037	1038
288	1039
288	400
288	153
288	1040
288	283
1041	74
663	1042
663	479
663	30
1043	1044
1043	1045
1043	1046
1043	1047
1043	1048
1043	1049
1043	1044
1043	1045
1043	1048
1043	1049
1050	873
1051	1052
452	451
1053	576
1053	1054
1053	1055
1053	618
1053	1056
1053	1057
1053	1058
1053	1059
1053	1060
1061	973
1061	1062
1061	194
1061	1063
1064	497
1064	67
1064	1065
1064	1066
1064	1067
1064	1068
1069	211
773	194
773	552
773	552
1070	29
1071	198
1072	224
1072	224
1072	1073
1074	74
1075	1075
1076	1038
1076	194
1077	141
1078	1079
1078	174
1078	69
582	246
582	1080
582	1011
582	1081
582	1082
582	458
1083	1084
1085	74
508	507
1086	1087
1086	72
1088	127
1088	468
1088	1089
1088	1090
1088	1091
1088	1090
1088	1091
1092	1093
1094	1095
1096	1097
1098	74
786	742
786	1020
786	498
786	1099
786	1100
786	1101
786	1102
51	1103
51	778
51	194
703	1104
703	1105
703	458
1106	1107
440	95
572	1108
572	1109
572	571
572	830
572	719
572	1109
572	830
279	1110
279	278
1111	468
1112	1063
1113	1114
1115	1116
1115	1117
1115	1118
1115	1119
1115	1116
1120	246
1120	1121
1120	1122
1123	1124
1123	1124
554	772
554	1125
554	1126
554	553
554	1127
554	873
554	1128
554	199
554	1129
554	390
554	1130
554	932
554	199
843	194
843	68
612	611
1131	613
1132	1033
1132	1133
1132	1134
28	1135
28	105
28	53
28	1136
28	1137
28	1138
28	1139
28	1140
28	1141
28	1142
28	64
28	24
28	106
28	1143
28	471
28	1144
28	1145
28	1146
28	1147
28	105
28	1138
28	1140
28	1142
28	1143
28	1145
28	1146
28	1144
1148	1149
1150	1150
662	62
1151	305
1151	1152
1151	107
1151	1153
1151	1062
1151	1154
1151	1155
1151	194
1151	331
1151	222
1151	107
1151	1153
1151	1155
1151	552
1156	1157
1156	1158
1156	127
1156	1159
1156	900
1156	1160
1156	1161
1156	778
1156	952
1156	1162
1156	194
1156	1163
1156	1164
1156	69
1156	552
1156	1163
1165	1166
1165	1166
1165	1167
357	1168
357	1169
357	1170
357	1171
357	1172
357	1173
357	1174
357	1175
357	1176
357	1177
357	1178
357	1179
357	1180
357	1181
357	1182
357	1183
357	1184
357	1185
357	1186
357	1187
357	898
357	1188
357	1189
357	1190
357	1191
357	20
357	1192
357	729
357	1193
357	821
357	1194
357	1169
357	1172
357	1176
357	1178
357	1180
357	1183
357	1185
357	1186
357	1187
357	1188
357	1192
357	821
357	1194
1195	54
1196	1197
1198	531
1198	1199
1198	209
1198	342
1200	74
1201	471
1184	357
1202	1203
1204	1205
1206	1138
1206	1138
1207	1208
1209	285
1209	286
1209	1210
1102	1211
1102	1212
1102	1213
1102	786
1102	127
1102	1214
1102	1215
1102	540
1102	736
1102	257
1102	67
1102	1216
1102	309
1102	1217
1102	1218
1102	736
1102	257
1102	1217
1219	1220
1221	788
1221	794
1221	1222
1221	84
1221	1223
1221	1224
1221	1225
1221	237
1221	1065
1221	1226
1221	174
1221	458
1221	448
1221	633
1221	1227
1221	1228
1221	68
1229	1230
1229	1230
1231	1138
1231	1232
1231	486
1231	1233
1234	1235
815	30
293	1236
293	141
293	978
1237	1238
1239	1240
1239	5
3	1241
3	0
3	1242
3	696
3	1243
3	1241
3	1243
1244	74
695	1245
695	74
1246	1247
1248	1249
1248	1250
1248	90
1248	1251
1252	366
29	224
29	1253
29	1254
29	499
29	726
29	1255
29	1256
29	24
29	1257
29	1070
29	1258
29	1259
29	261
29	67
29	490
29	1260
29	1261
29	262
29	1262
29	570
29	1263
29	1264
29	224
29	1255
29	1257
29	1261
29	262
29	1264
1265	1266
1265	1266
1267	137
1268	1137
1268	839
1269	1270
1269	1271
1269	1272
1269	1273
1274	1275
1276	74
1277	1278
1279	888
1280	1281
1280	82
1280	67
1280	1227
1282	417
1283	644
1283	644
1110	279
1284	522
1101	786
1101	1285
1101	364
1101	935
1101	415
1101	1286
1101	534
1101	1286
1287	783
1287	726
1287	1288
1287	354
1287	173
1287	194
1287	409
1287	1289
1287	829
1290	1145
1225	53
1220	1291
1220	1292
1220	127
1220	1219
1220	468
1220	1293
1220	1294
1220	1067
1220	1295
1220	1291
1220	1292
1296	1297
1298	1299
1300	1301
1302	342
1302	342
1303	1304
1303	1305
1303	1306
1303	1307
1303	939
1303	1308
1303	1309
1303	129
1303	1310
1303	1311
1303	1311
1303	514
1312	1313
1314	1315
490	1316
490	1317
490	728
490	1318
490	783
490	616
490	784
490	1319
490	1213
490	1320
490	1321
490	786
490	1322
490	1323
490	63
490	726
490	788
490	1324
490	790
490	1325
490	1326
490	1327
490	1328
490	1329
490	1330
490	1331
490	1332
490	1333
490	177
490	1334
490	1335
490	1336
490	683
490	776
490	1337
490	608
490	1338
490	1339
490	256
490	1340
490	286
490	1153
490	1341
490	612
490	1342
490	1343
490	1344
490	1345
490	172
490	694
490	1346
490	695
490	1347
490	1348
490	627
490	174
490	475
490	929
490	1349
490	1350
490	458
490	409
490	1351
490	1352
490	968
490	1353
490	1354
490	1355
490	459
490	1356
490	477
490	1357
490	1358
490	190
490	1359
490	1360
490	1361
490	829
490	1362
1363	1364
1363	1365
1366	1366
1366	1367
1366	194
916	137
916	280
699	522
699	1368
699	78
699	545
699	842
699	1369
699	23
1370	225
869	869
869	868
172	1371
172	405
172	180
172	743
172	1372
172	271
172	34
172	1373
172	956
172	673
172	1374
172	1323
172	1375
172	1376
172	1377
172	791
172	1378
172	1330
172	425
172	233
172	1199
172	951
172	488
172	1379
172	1338
172	1380
172	502
172	408
172	1381
172	286
172	1382
172	1383
172	1153
172	1036
172	193
172	1384
172	1385
172	1386
172	1387
172	1057
172	471
172	1388
172	129
172	695
172	810
172	1389
172	1390
172	1391
172	41
172	1392
172	968
172	1393
172	1394
172	1395
172	1396
172	209
172	459
172	390
172	1060
172	1263
172	276
172	1203
172	829
172	864
172	1397
224	1238
224	164
224	46
1398	1399
149	144
1400	1401
493	492
617	720
479	1402
479	184
479	1403
479	127
479	1404
479	1405
479	1406
479	1407
479	1408
479	663
479	1409
479	1026
479	731
479	417
479	448
479	1405
479	1406
1410	1411
1410	1411
613	1412
613	1413
613	1271
613	951
613	608
613	1414
613	623
613	1415
613	1416
613	1417
613	1418
613	1419
613	611
613	1420
613	1421
613	1422
613	1131
613	1412
613	951
613	608
613	1419
613	1413
708	23
1423	1424
1425	1426
322	340
322	1427
322	321
322	1102
322	1102
115	74
264	726
264	1340
264	82
264	1428
264	174
264	194
264	1429
264	263
264	552
264	1429
1430	1431
1430	1432
85	1042
85	84
85	1433
1434	1435
1436	1437
1436	900
1436	504
1436	559
1436	1438
1436	1439
1436	1440
1436	1441
1436	1130
1442	337
1443	1444
345	344
1445	1446
1445	127
1445	1447
1445	1448
1445	1066
1445	101
1445	1449
1445	1446
1445	1448
1445	101
1445	1449
528	34
1450	1451
1450	1452
1450	329
1450	810
1450	1453
1450	1454
1455	1087
1411	1410
1456	87
16	1457
784	54
1458	496
1136	28
1459	164
1460	273
1461	448
1462	1316
1462	1463
1462	1464
1462	368
1462	167
1462	780
1462	771
1462	1465
1462	1466
1462	213
1462	1467
1462	405
1462	782
1462	1468
1462	1469
1462	1000
1462	785
1462	1470
1462	1471
1462	1472
1462	436
1462	1372
1462	271
1462	156
1462	1473
1462	881
1462	576
1462	956
1462	483
1462	1474
1462	1103
1462	1475
1462	63
1462	1476
1462	246
1462	909
1462	531
1462	327
1462	870
1462	1477
1462	1478
1462	485
1462	791
1462	1325
1462	1479
1462	1232
1462	678
1462	1329
1462	1480
1462	1330
1462	1215
1462	618
1462	1481
1462	1482
1462	1483
1462	1404
1462	1484
1462	1485
1462	425
1462	1242
1462	233
1462	273
1462	487
1462	1199
1462	488
1462	1486
1462	1487
1462	201
1462	1299
1462	1488
1462	622
1462	1489
1462	137
1462	588
1462	1490
1462	1491
1462	135
1462	285
1462	1492
1462	1493
1462	1338
1462	1494
1462	1495
1462	653
1462	286
1462	1496
1462	1497
1462	1498
1462	1499
1462	1153
1462	1500
1462	26
1462	612
1462	1501
1462	1502
1462	1036
1462	1386
1462	1503
1462	1504
1462	1505
1462	1506
1462	1224
1462	778
1462	1507
1462	1508
1462	1509
1462	237
1462	1510
1462	967
1462	207
1462	1511
1462	1512
1462	1216
1462	1513
1462	1514
1462	1515
1462	172
1462	1516
1462	1517
1462	1518
1462	810
1462	1519
1462	626
1462	811
1462	1520
1462	490
1462	1521
1462	1522
1462	240
1462	1523
1462	1524
1462	422
1462	528
1462	629
1462	1525
1462	1526
1462	1350
1462	1390
1462	1527
1462	1528
1462	409
1462	1529
1462	182
1462	1530
1462	1531
1462	1532
1462	630
1462	1533
1462	665
1462	1534
1462	73
1462	195
1462	1394
1462	633
1462	1535
1462	1536
1462	822
1462	1537
1462	209
1462	1538
1462	459
1462	1539
1462	1540
1462	1541
1462	1263
1462	68
1462	1542
1462	1543
1462	1544
1462	1545
1462	1546
1462	751
1462	1547
1462	829
1462	864
1462	1548
1462	752
1462	417
262	259
1549	1550
873	1551
873	1552
873	1553
873	1554
873	230
873	1195
873	794
873	1555
873	1556
873	1003
873	44
873	1557
873	1558
873	1050
873	150
873	1559
873	1560
873	1561
873	1551
873	1195
873	794
873	1555
873	1556
873	1558
873	1561
873	554
873	111
1562	1563
1562	1563
32	657
32	1487
32	1401
32	62
32	173
32	458
32	923
32	1263
1564	112
1565	342
275	275
1566	1567
167	1568
1569	1508
1570	1571
1572	1104
982	981
982	1573
982	491
982	491
108	1574
108	1575
108	184
108	63
108	587
108	164
108	1576
108	1577
108	107
108	66
108	1578
108	1579
108	1580
108	1543
108	751
108	164
108	1576
108	66
108	1579
108	751
108	63
1581	1278
498	1582
498	786
498	1583
498	1584
498	497
498	515
498	778
498	67
498	329
498	1065
498	1066
498	1067
498	68
498	1584
498	67
1585	72
1147	28
1586	127
1587	1039
1587	1588
1587	1039
1587	1588
1589	1590
1589	1228
599	194
599	596
599	552
581	1080
1591	1205
1591	159
1591	1592
1591	1593
1591	1594
1591	378
1591	1381
1591	1595
1591	1596
1591	1597
1591	1598
1591	1599
1591	458
308	947
1600	1600
1601	1316
1601	785
1601	1602
1601	786
1601	788
1601	1603
1601	1335
1601	612
1601	448
1601	825
1601	1165
1601	1604
1601	1605
1601	864
1606	1607
1606	1608
1535	1238
1535	1433
1535	423
1245	668
1245	1609
1245	672
1245	675
1245	1266
1245	835
1245	137
1245	1610
1245	695
1245	701
1245	1611
1245	1266
1245	137
1245	701
810	206
810	1612
810	1613
1142	1142
1142	1614
536	535
1615	1616
1617	1618
1617	1618
1619	7
1619	194
1619	7
1619	552
1620	1534
1609	1245
54	1116
54	105
54	53
54	1621
54	616
54	784
54	1622
54	734
54	63
54	187
54	1195
54	1623
54	1624
54	424
54	1337
54	608
54	1338
54	502
54	169
54	1239
54	1153
54	592
54	1344
54	52
54	1625
54	44
54	1626
54	694
54	1627
54	115
54	1628
54	194
54	1629
54	1630
54	150
54	23
54	1353
54	1355
54	1540
54	477
54	829
54	366
54	1631
54	1116
54	53
54	1621
54	616
54	63
54	1623
54	424
54	608
54	169
54	1239
54	1625
54	115
54	1630
54	23
54	1353
54	829
54	366
1632	1633
1632	1634
1632	1633
509	507
1635	194
53	105
53	1636
53	1622
53	34
53	1637
53	1638
53	1639
53	532
53	796
53	177
53	217
53	1178
53	1640
53	1641
53	1642
53	1643
53	1047
53	147
53	1225
53	52
53	1644
53	199
53	112
53	148
53	453
53	1645
53	1646
53	543
53	458
53	1031
53	1630
53	1260
53	703
53	150
53	1647
53	476
53	477
53	221
53	105
53	1638
53	1639
53	1178
53	1641
53	1643
53	199
53	112
53	453
53	1645
53	1646
53	1630
53	1260
53	703
53	221
53	1647
53	28
1648	1629
147	53
1649	1650
1649	1651
1649	1652
1649	893
1649	1653
1649	1650
1649	1652
1649	1653
1654	1550
1278	1655
1278	1475
1278	1277
1278	1581
1656	1656
1657	1658
307	1659
307	349
307	1660
307	39
307	129
307	1227
307	1444
1661	1662
1663	425
1663	408
1663	425
1663	408
1664	430
1664	430
170	166
1665	273
234	534
472	1666
472	85
472	1667
472	85
472	1667
561	1
1668	1371
1668	1669
1668	1670
1668	1671
313	312
313	608
313	169
313	207
313	169
313	207
1672	1673
1672	495
1672	30
1674	755
1674	82
1674	1675
1674	1676
1677	67
1678	881
1678	1679
1678	1679
413	372
327	485
1377	150
1377	150
1421	184
1421	613
192	1308
882	78
1680	1681
1682	1682
1275	1274
1683	1684
1683	1626
1685	129
1686	1540
1687	74
1099	786
1688	2
1689	486
1689	273
1689	1498
1689	1548
1690	494
1690	150
1690	494
1690	150
1691	1692
1691	1401
1691	1693
1691	1401
1691	1693
1160	1628
1160	63
1160	1694
1160	1695
1160	448
1160	484
1160	773
1160	1696
1160	572
1160	1697
1160	1698
1699	405
1699	1700
71	70
1618	1701
1702	1703
1704	4
1260	29
1705	67
1706	1707
1706	1708
1709	422
1709	389
1709	150
1709	58
1709	476
1709	1
1709	422
1709	389
1709	58
1616	900
1616	102
1033	1710
433	95
248	245
1711	739
1711	739
1508	1569
1508	405
1508	1712
591	80
1610	1245
1713	469
1714	1715
173	1716
173	78
1717	1718
1717	319
1717	1719
1717	616
1717	1720
1717	1721
1717	63
1717	726
1717	1722
1717	1723
1717	1724
1717	1725
1717	1482
1717	1255
1717	1726
1717	917
1717	1727
1717	83
1717	1065
1717	1728
1717	1729
1717	1730
1717	1439
1717	1731
1717	1732
1717	665
1717	1733
1717	1734
1717	1735
1717	68
1736	284
1736	194
1736	284
1736	552
1737	1738
856	1739
856	855
1740	1741
1740	1122
1742	1636
1742	1743
1742	1636
1742	1743
1744	956
1744	425
1744	956
1744	425
1745	63
1745	64
1745	67
1745	68
1745	67
1746	1747
1748	146
1748	237
1748	1749
1748	490
1748	1531
1748	331
1403	479
91	90
1	368
1	1750
1	158
1	1751
1	0
1	1752
1	1753
1	137
1	468
1	623
1	502
1	801
1	1501
1	219
1	123
1	1754
1	1709
1	561
1	543
1	1755
1	150
1	343
1	390
1	1756
1	1750
1	158
1	1752
1	801
1	543
1	1756
980	979
1757	74
1758	1759
1758	1759
1760	1761
1762	1763
1762	150
1762	1764
1762	595
180	426
180	280
180	179
180	74
381	12
1765	1766
667	1767
667	1768
667	1493
667	666
667	472
667	472
859	858
1769	184
1769	127
1769	726
1769	135
1769	1770
1769	1771
1769	276
1769	135
1769	276
1453	246
1453	1772
1773	216
1773	1774
1773	744
1773	1775
1773	1776
1773	1777
1773	422
1773	448
1773	1778
1773	131
1773	744
1773	1775
1773	1777
1773	422
1773	448
1773	1778
1168	357
1779	495
1780	82
1780	503
1780	1781
1780	1227
1780	417
1782	956
1782	1726
1782	1022
1782	83
1782	778
1782	140
1782	458
1782	409
1782	459
1782	276
1782	956
1208	1207
1583	498
1583	1716
1783	401
1783	1784
1785	1553
1785	230
1785	1482
1785	1786
1785	89
1785	1787
1785	1284
1785	1788
1785	276
1789	1790
1789	1791
1789	177
1789	274
1789	1792
1789	172
1793	1793
164	224
164	1213
164	1137
164	531
164	157
164	0
164	788
164	428
164	1142
164	1459
164	408
164	218
164	1794
164	1795
164	1408
164	989
164	1796
164	1797
164	563
164	762
164	476
164	531
164	0
164	788
164	428
164	408
164	1142
1798	1799
1800	1801
1800	1801
702	23
1802	67
1802	1803
1802	342
1804	464
1804	1805
1804	405
1804	217
1804	487
1804	778
1804	44
1804	629
1804	1771
1804	864
1804	1805
1804	217
1804	487
1804	1771
538	537
1806	39
1806	23
677	1807
1218	1102
1808	74
1808	609
1420	613
1577	108
1809	142
627	1316
627	1464
627	728
627	1810
627	1282
627	1465
627	1811
627	782
627	616
627	1812
627	1372
627	956
627	483
627	1813
627	1814
627	168
627	531
627	1815
627	1478
627	485
627	120
627	486
627	1816
627	1817
627	1818
627	1482
627	1819
627	425
627	1333
627	1820
627	233
627	487
627	1199
627	488
627	201
627	622
627	683
627	1056
627	1821
627	1494
627	1495
627	1381
627	1822
627	1499
627	296
627	915
627	916
627	612
627	1823
627	1036
627	1824
627	1825
627	1826
627	1827
627	219
627	778
627	1828
627	1344
627	67
627	1829
627	1830
627	1831
627	1515
627	1832
627	172
627	927
627	1346
627	370
627	1833
627	174
627	1389
627	629
627	1349
627	719
627	458
627	409
627	41
627	630
627	1834
627	930
627	968
627	73
627	633
627	1535
627	1835
627	822
627	209
627	1836
627	459
627	1541
627	1357
627	1263
627	68
627	1297
627	1544
627	751
627	1837
627	1838
627	864
627	752
1039	288
917	1839
917	280
1840	74
1841	192
1841	193
1842	370
1843	1844
282	1845
282	246
282	531
282	1846
282	795
1847	1684
1847	44
69	1848
69	426
69	61
69	1156
1849	1850
1849	1036
1849	1775
1849	778
1849	129
1849	490
1849	459
1849	1297
1849	752
1849	129
1851	723
1851	1852
1853	364
1853	1854
1853	919
1853	1855
1853	1856
1853	1857
1853	1854
1475	1278
1858	198
74	1687
74	771
74	1466
74	405
74	657
74	616
74	180
74	1859
74	1563
74	785
74	576
74	956
74	1860
74	1861
74	1757
74	1323
74	1862
74	1863
74	1864
74	531
74	870
74	575
74	1808
74	485
74	791
74	230
74	145
74	1330
74	1200
74	232
74	1222
74	681
74	1865
74	1782
74	683
74	137
74	1866
74	996
74	280
74	1867
74	608
74	1098
74	623
74	577
74	965
74	408
74	1840
74	1868
74	1308
74	916
74	97
74	1342
74	1869
74	1224
74	1789
74	237
74	1276
74	1728
74	172
74	694
74	695
74	115
74	1870
74	174
74	1244
74	1871
74	1872
74	1390
74	1041
74	150
74	968
74	73
74	1394
74	969
74	1396
74	1873
74	1085
74	931
74	1874
74	1875
74	1074
74	276
74	1203
74	1876
74	1877
74	752
74	616
74	785
74	576
74	956
74	1862
74	1864
74	531
74	232
74	137
74	280
74	608
74	577
74	965
74	408
74	916
74	1342
74	1224
74	1870
74	1871
74	1394
74	1396
74	1875
74	1877
74	1869
74	1860
1878	1238
890	78
348	623
348	623
1879	1880
1881	1882
1881	271
1881	1883
1881	1884
1881	1011
1881	1885
1881	147
1881	1886
1881	731
1881	1887
1881	1888
1881	1144
1881	1889
1881	1890
1881	1891
1881	1892
1550	196
1550	127
1550	1549
1550	1893
1550	1654
1550	196
1235	1234
1235	479
1235	1894
1235	479
1235	1894
1895	1896
1897	1323
1897	1898
1897	1199
1897	237
1897	172
1897	288
1897	150
1899	235
1899	1900
1899	1901
1899	1900
1899	1901
1313	1312
1902	1197
1903	127
1903	1904
1903	1905
1903	818
1903	417
1903	1905
681	681
681	257
681	257
681	74
464	464
464	1805
464	1906
464	1069
464	216
464	1907
464	1908
464	1909
464	1910
464	177
464	217
464	1911
464	1576
464	505
464	1912
464	1913
464	1914
464	169
464	1915
464	1916
464	1917
464	219
464	873
464	123
464	1709
464	422
464	220
464	1918
464	563
464	543
464	150
464	1919
464	1920
464	476
464	190
464	221
464	864
1435	1434
1435	1921
1866	74
277	1922
277	1923
277	1472
277	228
277	1924
277	1925
277	1926
277	269
334	85
334	62
334	333
334	85
121	120
121	1927
121	1927
1928	1928
1929	0
1929	1930
1929	1931
1929	181
1929	967
1929	892
1929	1932
205	202
1933	1529
1933	1934
153	152
153	1935
153	1936
153	288
153	1889
153	1937
153	1936
153	1889
1256	29
1938	1629
1938	649
1939	246
1939	1940
1939	1941
1939	1942
1939	194
1939	195
836	194
925	924
1596	1943
1596	127
1596	120
1596	1245
1596	468
1596	502
1596	1822
1596	1944
1596	1945
1596	1629
1596	1040
1700	1699
1946	1947
1946	1948
1946	1949
1712	1508
1950	907
1950	1951
1950	127
1950	194
1950	552
1118	1115
1952	531
1952	201
1952	137
1952	1825
1952	1517
1952	115
1952	446
1952	448
1952	331
1952	1953
311	947
1697	1954
1121	1955
1121	224
1121	782
1121	783
1121	1956
1121	1957
1121	1958
1121	376
1121	0
1121	1959
1121	230
1121	532
1121	1960
1121	1961
1121	233
1121	681
1121	488
1121	1962
1121	1930
1121	1782
1121	1490
1121	1595
1121	107
1121	1963
1121	1775
1121	1928
1121	1964
1121	1003
1121	189
1121	67
1121	1965
1121	1966
1121	625
1121	172
1121	160
1121	174
1121	1967
1121	1744
1121	929
1121	194
1121	409
1121	1968
1121	41
1121	1048
1121	195
1121	1969
1121	875
1970	1971
1970	1971
1972	1973
1972	1060
1972	1973
211	1069
211	1962
211	210
211	1974
211	453
211	1953
1975	842
1976	1977
1976	1977
1976	101
1978	1787
1426	1425
1426	1979
1426	0
1426	1980
1426	1981
1426	452
1426	1982
1426	1983
1426	1980
1426	452
1426	0
1984	1985
1984	1986
1984	1987
1988	72
102	99
72	1463
72	1989
72	1988
72	1990
72	1991
72	1992
72	1585
72	1993
72	1994
72	0
72	1086
72	1995
72	1996
72	1997
72	1998
72	1999
72	2000
72	1407
72	985
72	1236
72	2001
72	2002
72	58
72	2003
72	70
72	2004
72	2005
72	342
72	2006
72	2007
72	2008
72	99
72	1989
72	1990
72	1992
72	0
72	1995
72	1998
72	1236
72	2001
72	58
72	2003
72	2004
72	2006
72	2007
72	2008
2009	167
2009	2010
2011	44
2011	631
2011	44
2012	119
2013	2014
2013	1901
1073	1072
2015	184
2015	795
2015	645
2015	2016
2015	2017
2015	795
864	196
864	1805
864	2018
864	2019
864	63
864	1117
864	2020
864	1278
864	1553
864	885
864	618
864	494
864	1333
864	2021
864	1487
864	964
864	137
864	608
864	1338
864	169
864	218
864	1153
864	916
864	1036
864	966
864	237
864	1092
864	1829
864	129
864	2022
864	2023
864	2024
864	174
864	1389
864	1628
864	331
864	968
864	2025
864	1085
701	23
2026	213
2027	1197
2028	127
2029	1337
2029	195
2029	195
2030	2031
2032	44
2032	44
112	2033
112	105
112	225
112	1622
112	942
112	216
112	419
112	1277
112	177
112	1564
112	2034
112	2035
112	2036
112	52
112	54
112	625
112	2037
112	1797
112	113
112	2038
112	543
112	1630
112	150
112	739
112	2039
112	476
112	2040
112	1735
112	2041
112	300
112	1277
112	2035
112	2036
112	52
112	54
112	2037
112	113
112	543
112	1630
112	2039
1104	585
1104	2042
1104	428
1104	644
1104	1572
1104	2043
1104	67
1104	731
1104	762
1104	923
1104	2044
1104	644
1104	2043
1104	67
1104	762
2045	1197
2046	2047
2048	400
1212	1102
2049	2050
2049	629
951	556
2051	127
2052	2053
2052	861
2052	1846
2052	1651
2052	1502
2052	2054
2055	158
2055	66
2055	1798
2055	458
2055	2056
2055	190
948	236
2057	5
2058	734
2058	63
2058	424
2058	169
2058	1153
2058	1628
2058	150
2058	876
2059	607
2059	2060
400	2061
400	285
400	2062
400	2063
400	2048
400	2061
400	2062
400	2063
400	288
400	2064
2065	1375
2065	150
2065	1375
2065	150
723	2066
723	2067
723	2068
723	2069
723	1376
723	790
723	586
723	2070
723	1414
723	169
723	219
723	2071
723	1851
723	722
723	2072
723	2073
723	150
723	2074
723	2075
723	2068
723	169
839	788
839	2076
839	586
839	776
839	194
839	195
839	788
839	2076
839	776
839	195
839	1268
1807	677
1807	1427
1807	27
1807	1427
1807	27
2077	2078
2077	2079
2077	2080
2077	2081
2077	194
2077	417
2077	2078
2077	2081
2077	552
2082	44
2082	44
2083	196
2083	196
396	2084
396	394
396	2084
1205	2085
1205	1204
2086	2087
2086	83
1896	1895
30	1371
30	1030
30	2088
30	1672
30	217
30	488
30	24
30	2089
30	218
30	1036
30	917
30	1112
30	1776
30	663
30	952
30	471
30	112
30	2090
30	172
30	627
30	422
30	815
30	2091
30	1889
30	2092
30	2088
30	2089
30	917
30	1112
30	112
30	2091
1629	1317
1629	224
1629	2093
1629	435
1629	2094
1629	2095
1629	2096
1629	2097
1629	187
1629	903
1629	177
1629	1564
1629	1930
1629	137
1629	608
1629	256
1629	1382
1629	916
1629	1321
1629	1003
1629	44
1629	2098
1629	926
1629	239
1629	904
1629	748
1629	2099
1629	2100
1629	2101
1629	2102
1629	427
1629	1358
1629	2103
1629	2104
2105	368
2105	224
2105	657
2105	158
2105	1636
2105	127
2105	64
2105	1842
2105	502
2105	2023
2105	490
2105	2106
2105	598
2105	1938
2105	2107
2108	364
2108	2109
2108	2110
2108	409
2108	2110
1063	127
1063	246
1063	2111
1063	492
1063	1061
1063	1112
1063	2112
1063	510
1063	276
1063	492
1063	2112
569	2113
569	26
569	2114
569	331
569	331
2115	198
2010	85
2010	2116
2010	85
2117	167
2117	2118
2117	2119
2117	1228
2120	66
2120	1963
2120	429
2120	738
1857	67
1857	1853
1857	2121
1749	2122
1749	2123
401	224
401	1211
401	405
401	1133
401	1472
401	2124
401	741
401	2125
401	502
401	1387
401	2126
401	2127
401	2128
401	2129
401	1571
401	1545
2130	881
2130	2131
2130	532
2130	2132
1576	5
217	53
217	30
217	221
2133	726
2133	85
2133	2134
862	860
10	1080
10	1198
10	9
10	82
10	2135
2136	1033
1571	1570
895	78
894	78
1738	2137
1738	1737
1738	1737
1738	2137
1005	1004
1338	54
2138	1498
1181	357
1768	667
909	909
909	280
710	23
2139	1673
1626	54
109	1044
109	107
109	1044
408	408
1100	785
1100	786
1100	788
1100	2140
1100	1963
1100	1825
1100	174
1100	68
1100	785
1100	788
1100	1825
2040	112
1157	1156
2141	2142
2141	2142
941	2078
941	2143
2144	326
2144	240
2144	570
1852	224
1852	1216
1852	2145
1852	1851
1852	2146
1852	224
2147	462
742	742
742	786
742	2052
742	752
2148	2149
2148	2150
2148	2151
2148	2152
1880	1879
1224	237
1224	1515
1224	2153
2042	1104
2042	428
598	596
1636	53
923	1104
2154	194
2154	2155
2154	552
2156	2157
2156	1540
2158	127
2158	726
2158	2159
2158	85
2158	2160
2158	2161
2158	110
2158	1738
2158	2162
2158	1515
2158	2163
2158	2164
2158	2165
2158	2166
2158	472
2158	663
2158	468
1921	1435
560	703
1994	72
2167	1232
2168	63
2169	695
2169	1523
886	78
274	269
2170	2115
2170	2171
2170	2172
2170	150
2170	2115
2170	2172
2170	150
276	273
276	1063
276	269
276	74
276	562
276	46
838	586
838	194
522	2173
522	2174
522	1284
522	87
522	2173
2175	2176
609	1563
609	1808
609	2177
609	1839
609	608
609	2178
609	952
609	2179
609	2180
609	2181
609	150
609	2182
609	2177
609	2178
609	2179
609	2181
609	2182
947	310
947	1151
484	1772
331	547
331	2183
331	1151
2184	2185
2186	127
2186	2187
2186	2187
2188	213
2188	405
2188	2189
2188	2190
2188	2191
2188	2192
2188	2193
2188	141
2188	2194
2188	2195
2188	1543
2196	257
2196	209
2196	209
2197	1293
2198	127
406	680
406	404
1797	164
1797	112
1369	1153
1369	311
1369	2199
2200	667
2200	1943
2200	231
2200	2201
2200	665
2200	972
2200	417
2202	221
2202	113
2202	595
2202	217
2202	638
2202	422
2202	2203
2202	2113
2202	2204
2202	726
2202	2205
2202	563
1270	1606
1215	1102
1766	1765
1766	2206
1766	2207
1766	2206
1766	2207
2064	127
2064	400
2064	1101
2064	1101
2208	631
495	2209
495	127
495	2210
495	246
495	327
495	1779
495	2165
495	494
495	1672
495	468
495	1614
495	2211
495	2212
495	1006
495	1628
495	1731
495	2213
495	102
495	597
495	1029
495	2209
495	2213
495	102
495	597
2214	1722
2214	2215
1805	2216
1805	2217
1805	1239
1805	2218
1805	44
1805	2219
1805	1016
1805	150
1805	2220
1805	1239
1805	2218
1805	44
1805	2220
541	1227
541	2185
2221	2222
1020	786
1020	984
1020	491
1020	491
842	194
842	195
842	1975
842	195
393	391
2223	1468
1159	1156
1042	1042
1042	663
1042	85
931	924
931	74
2224	1473
2225	3
1834	1715
216	726
216	137
2226	2227
2228	2229
2228	2229
972	547
284	273
284	283
638	425
638	1772
638	552
638	1307
638	196
638	2230
638	2231
638	1673
638	425
5	2057
5	0
5	933
5	1576
5	137
5	1239
5	2232
5	989
5	471
5	1781
5	2233
5	2234
5	2235
5	2236
5	366
5	2232
5	2234
5	2236
1904	1903
265	34
265	726
265	2237
265	263
265	366
265	726
265	366
2238	2239
2238	127
2238	342
2238	2240
2241	1167
1222	74
2242	368
2242	44
2242	150
2242	368
2242	4
2243	2142
2243	645
2244	257
2244	2196
2245	408
2245	408
2246	184
2247	216
2247	327
2247	233
2247	217
2247	422
2247	563
2248	2249
2248	2250
1139	28
849	962
849	658
849	2044
849	962
83	1673
2251	2252
2251	2253
2251	2254
2251	2255
2251	1035
2251	2256
2251	1262
2257	224
2258	2259
2258	489
2258	458
2258	1529
2258	2260
2258	1939
156	546
156	155
156	1030
156	246
156	1240
156	2261
156	2262
156	1368
156	78
2263	342
461	140
461	239
2264	1035
2014	2013
2265	2266
2265	2267
2265	2268
2265	2031
2265	2269
2265	2270
2002	72
2271	2272
2273	535
2273	535
119	118
119	2274
119	2012
119	458
761	754
1771	1769
549	548
645	2275
645	644
645	2243
645	508
645	2015
645	508
430	429
430	429
2276	2276
1427	67
1427	2277
1427	2278
1427	1130
1427	67
1427	322
1701	2279
1701	127
1701	1062
1701	1618
1701	2279
2280	137
1775	1849
2281	137
2282	93
2282	140
2282	2283
1607	1270
1607	725
1607	2284
1607	1441
1607	1270
1607	2284
2085	1205
2085	2285
2085	2285
1844	1687
1844	2286
1844	2287
2288	2289
2288	1087
2290	127
2290	458
25	24
25	1902
25	518
25	1902
2131	2130
370	368
370	564
370	1951
370	1842
370	2291
370	2292
756	27
462	2293
462	239
462	194
462	2147
462	552
1716	1096
1716	1583
1716	2294
1716	137
1716	173
1716	565
1716	1096
1716	2294
1716	565
2295	89
1658	1657
1197	2027
1197	127
1197	2296
1197	246
1197	407
1197	1196
1197	1846
1197	1902
1197	2045
1197	82
1197	2211
1197	83
1197	417
1197	412
1197	83
562	2297
562	276
562	2297
1093	1092
2298	976
1681	1224
1681	1680
1681	2299
1681	1224
2300	325
2300	2301
2300	331
2300	331
502	1
502	500
502	54
2302	2303
2304	2305
656	408
656	956
656	408
387	2306
295	2307
295	294
1673	2139
1673	638
1673	1232
1673	1672
1673	83
1673	2274
1673	2308
1673	1628
1673	1629
1673	298
1673	2309
1673	1130
1673	2308
1673	298
1472	2310
908	280
113	105
113	1622
113	216
113	2210
113	44
113	543
113	150
113	105
113	2311
113	34
113	52
113	44
113	2312
113	543
113	221
113	476
113	543
113	150
2313	1033
2313	1134
2313	1134
2314	770
2314	2315
2314	2316
2314	2317
2314	1465
2314	2318
2314	959
2314	854
2314	784
2314	2319
2314	785
2314	786
2314	2320
2314	2321
2314	2189
2314	2322
2314	1214
2314	2323
2314	788
2314	2324
2314	1159
2314	1774
2314	1330
2314	2325
2314	2326
2314	2327
2314	911
2314	497
2314	2328
2314	2329
2314	2330
2314	2331
2314	2140
2314	1153
2314	2332
2314	1963
2314	2333
2314	261
2314	2334
2314	2110
2314	1825
2314	2335
2314	1224
2314	778
2314	1416
2314	2336
2314	329
2314	738
2314	1065
2314	2337
2314	1515
2314	625
2314	2338
2314	1226
2314	1346
2314	1067
2314	174
2314	2339
2314	2340
2314	1350
2314	1527
2314	2341
2314	1755
2314	448
2314	630
2314	1745
2314	2342
2314	1539
2314	825
2314	68
2314	1359
2314	2343
432	95
2344	1142
953	236
2345	812
2345	1772
1084	2271
1084	1813
1084	532
1084	194
1390	74
2346	417
840	194
2347	44
82	1197
82	264
82	137
82	987
82	10
2348	472
2348	472
2349	79
2061	2061
2145	1852
2072	723
1466	2310
1466	74
958	547
2132	2130
137	319
137	771
137	1267
137	258
137	2350
137	483
137	358
137	2351
137	2352
137	2076
137	520
137	364
137	2353
137	525
137	2354
137	795
137	2355
137	201
137	2356
137	135
137	589
137	2281
137	2357
137	916
137	82
137	27
137	1517
137	1520
137	2280
137	2358
137	2359
137	563
137	2360
137	2361
137	630
137	631
137	311
137	2362
137	2363
137	2364
137	1227
137	1540
137	1203
137	2365
137	546
137	1477
137	1
137	2350
137	2351
137	2353
137	2354
137	795
137	2355
137	201
137	589
137	2357
137	27
137	2358
137	2359
137	311
137	2364
137	1227
137	1716
137	404
137	23
137	2366
137	5
137	423
2367	1944
2367	1944
292	141
76	2190
76	141
76	75
76	1543
76	141
2368	899
2368	2369
2368	899
2368	2369
643	14
975	195
67	556
67	2370
67	530
67	1677
67	1857
67	29
67	1102
448	95
448	1622
448	1673
448	2371
448	2372
448	1461
448	360
448	479
48	1673
48	1232
48	2373
48	298
48	2309
48	47
48	1673
2374	127
2155	2154
2375	491
2375	491
2376	2377
2376	1227
2376	1681
2376	1227
2376	1681
2378	127
2378	502
2378	2379
2378	2380
2381	1343
2381	2382
2381	195
2381	2382
2381	195
2383	2384
2383	271
2383	127
2383	97
2383	85
1545	2351
1545	613
1545	2385
165	2386
165	157
165	159
165	162
165	2386
165	162
2387	2388
1417	613
844	194
835	835
835	194
835	1245
520	137
2389	224
2389	866
2389	2390
2389	2391
2389	224
2389	2390
2389	2391
706	23
2333	2392
2333	771
2333	546
2333	2393
1262	2394
1262	2395
1262	2395
1262	29
1872	74
2396	2390
2396	2390
2397	198
2397	198
2121	1857
2121	423
2272	2271
2272	1069
2272	216
2272	63
2272	327
2272	2398
2272	233
2272	1776
2272	422
2272	563
2272	476
2272	1069
2272	63
2272	422
2111	2399
2111	1063
910	191
910	192
910	1939
2400	778
2400	237
2360	137
2176	2401
2176	2175
2402	2403
2404	1433
2405	803
2405	2406
2407	226
2407	2258
2407	191
2407	1378
2407	194
2407	2408
2407	68
2407	276
2407	752
2407	1939
4	2242
4	675
4	0
4	2047
4	2409
4	1628
4	1704
4	2409
2410	111
2411	2411
2080	62
2080	2077
2412	428
251	2413
251	1030
251	316
251	1369
251	1934
1770	1769
1954	1697
8	7
2414	246
2414	1342
403	402
2274	1673
2274	119
2415	67
2415	67
1754	1
1501	1
2399	2111
647	646
2416	2417
2418	2418
1708	1706
1694	1160
87	2419
87	246
87	2294
87	1456
87	86
87	1293
87	2420
87	431
87	953
87	2146
87	522
87	2294
87	953
1238	1371
1238	224
1238	2421
1238	127
1238	2422
1238	2423
1238	1237
1238	177
1238	888
1238	2424
1238	107
1238	1963
1238	2425
1238	1003
1238	2426
1238	1878
1238	696
1238	194
1238	1535
1238	1889
1238	2427
1238	107
1238	696
1238	552
1238	2427
1238	2426
1247	1246
136	1466
136	135
136	2428
136	174
136	491
136	1466
136	2428
148	53
148	144
2429	726
2430	2431
2430	2432
2430	1310
2430	1608
2433	1706
2434	271
1850	1849
190	188
190	596
2435	1929
676	23
2436	1091
2436	1091
2142	644
2142	2243
2142	644
2339	67
2339	67
841	2437
841	194
841	1540
841	2437
1556	532
2438	1167
426	180
426	575
426	1477
426	260
426	1036
426	778
426	630
426	69
426	1545
426	1477
2356	137
111	464
111	63
111	217
111	110
111	424
111	873
111	422
111	174
111	2410
111	476
111	63
111	217
1574	108
2439	1024
2440	2441
2442	66
2442	331
1489	2443
1489	485
1489	486
1489	885
1489	487
1489	488
1489	36
1489	2444
1489	1595
1489	1386
1489	686
1489	147
1489	2445
1489	1829
1489	561
1489	172
1489	489
1489	422
1489	2446
1489	20
1489	458
1489	41
1489	209
1489	459
1489	476
1489	1297
1489	2447
1489	752
2448	44
1203	137
1203	74
1230	1230
2449	273
867	1906
867	2450
867	180
867	2451
867	2068
867	2452
867	790
867	2453
867	916
867	1776
867	2454
867	2455
867	92
867	459
867	2456
412	1167
2457	1470
2457	2190
2458	1540
1756	1127
1756	44
2459	1067
2460	2461
2460	2461
2462	865
2462	865
2463	184
2463	1764
943	942
1153	54
589	80
2464	2021
2464	2021
532	53
532	530
532	1556
532	2130
2465	2466
434	95
1722	198
2467	1120
2467	1308
2177	398
2413	1020
2413	85
2413	1020
2413	85
342	899
342	72
342	537
469	471
531	531
531	2204
531	194
531	102
531	195
531	2204
531	552
531	102
531	195
531	530
531	965
1145	2468
1145	2469
1145	2470
1145	1290
1145	2468
1145	2470
449	95
1974	211
2432	1186
2432	1310
2471	2472
335	2473
335	2474
335	204
335	1016
335	2473
335	2474
2475	2476
726	726
726	1769
726	264
726	1018
726	29
2477	2478
2477	2478
544	1752
544	543
544	2479
544	2479
379	12
2480	1375
2480	1011
2480	2481
2482	2483
272	269
2484	2485
2484	2486
2484	2487
2484	68
2484	2486
1167	407
1167	505
1167	2488
1167	2241
1167	2037
1167	354
1167	150
1167	2489
1167	1165
1167	578
1167	2438
1167	2488
1167	2037
1167	150
1167	2489
1167	578
731	2490
2491	2492
2491	2492
1865	74
965	531
965	547
2301	2493
2301	2494
2301	2495
2301	408
2301	2496
2301	181
2301	2497
2301	2498
2301	748
2301	2499
2301	2500
2301	1539
2301	2501
2301	2502
2301	2503
1982	1426
1022	127
1022	257
1022	2504
1022	1629
1022	2504
1022	2309
1996	72
66	61
66	46
540	1102
2505	2506
1642	53
2507	2316
2507	2317
2507	1465
2507	2508
2507	784
2507	785
2507	786
2507	127
2507	63
2507	531
2507	788
2507	1959
2507	1222
2507	1487
2507	911
2507	137
2507	1495
2507	1153
2507	1963
2507	916
2507	1036
2507	1825
2507	778
2507	67
2507	738
2507	309
2507	1515
2507	1517
2507	1346
2507	174
2507	563
2507	630
2507	818
2507	968
2507	633
2507	1539
2507	1540
2507	68
2507	2121
2507	1359
2509	145
300	228
300	794
300	2510
300	40
300	112
300	2511
300	102
300	299
300	2510
518	25
1934	251
1934	2512
1934	2513
1934	2514
2	651
2	301
2	0
2	2515
2	425
2	2021
2	1688
2	2515
2	425
2	2021
1135	28
2047	2046
2047	2516
2047	4
989	988
989	2517
989	127
989	63
989	790
989	145
989	164
989	2517
989	2518
989	5
2519	242
2520	127
481	480
27	1317
27	756
27	24
27	150
27	763
27	2521
27	1317
1424	1317
1424	2522
1424	127
1424	246
1424	1564
1424	2070
1424	468
1424	1162
1424	1423
1424	2523
1424	1317
1424	1564
1424	2523
2524	2525
2524	2526
2524	1277
2524	1695
2524	2276
2524	2527
2524	414
2524	2528
668	1245
2529	1138
2529	61
2529	2530
1046	1043
2531	2532
2531	2533
2531	2533
1893	1550
63	989
63	269
63	130
63	1745
2534	127
2534	696
2534	2360
2534	68
2534	696
2534	2360
649	127
649	648
649	145
649	1062
649	2215
649	1938
360	2535
360	326
360	660
360	1191
360	359
360	141
360	2536
360	458
360	448
360	1017
360	752
360	660
360	356
360	141
698	23
1622	53
1622	2370
1622	54
1622	112
1622	113
2537	246
2538	2122
2538	105
2538	585
2538	900
2538	644
2538	2539
2538	150
2185	541
2185	2184
163	157
163	159
163	162
163	162
2540	531
2540	531
362	361
362	586
362	2541
1922	1687
1922	773
1922	2542
1922	2543
1922	2544
1922	2545
1922	467
1922	1140
1922	502
1922	9
1922	1308
1922	1084
1922	2546
1922	1294
1922	199
1922	1728
1922	2547
1922	2548
1922	2549
1922	2550
999	371
2551	2552
273	1213
273	2553
273	1080
273	0
273	159
273	1138
273	618
273	1482
273	274
273	1577
273	996
273	284
273	608
273	408
273	2449
273	563
273	1665
273	630
273	2554
273	476
273	2121
273	276
273	2553
273	580
273	0
273	159
273	1482
273	274
273	1577
273	408
273	2121
273	1460
376	1731
337	1317
337	2555
337	2556
337	956
337	2557
337	2558
337	1442
337	1330
337	1738
337	2070
337	2205
337	336
337	1526
337	409
337	2205
337	1526
337	956
337	1317
337	2555
337	2557
337	1330
337	1738
337	2205
2559	2560
2559	231
2559	2561
2559	273
2559	1576
2559	331
2559	2562
2559	864
2559	1102
1874	224
1874	2563
1874	2564
1874	127
1874	2565
1874	2566
1874	795
1874	2567
1874	1401
1874	83
1874	2568
1874	1772
1874	2569
1874	1287
1874	2092
1874	2570
683	74
2069	723
93	2571
93	2572
93	2127
93	1626
93	1228
2573	2574
514	1303
514	1715
514	1715
2575	2576
2577	2578
1463	72
680	406
2579	2580
2579	2131
1128	554
2070	194
2581	2582
546	226
546	180
546	2583
546	2584
546	2020
546	137
546	207
546	194
546	68
546	276
546	180
546	2583
2585	398
2586	2587
2586	2588
2586	2589
2586	355
2586	2587
1640	53
2590	141
2590	141
1399	1398
1399	818
2591	137
2591	137
694	54
694	74
694	23
516	2592
2593	246
2593	699
2594	2595
1240	405
1240	1239
2140	1100
557	36
557	555
557	40
899	184
899	659
899	342
962	547
6	675
6	0
6	364
6	2596
6	1401
6	666
6	194
6	2597
6	2597
2598	1153
2598	490
2598	876
2599	2600
1873	74
1308	74
1477	180
1477	1478
1477	2601
1477	2602
1477	137
1477	180
1477	1478
1477	2602
325	2603
325	324
325	598
325	2300
325	2603
325	598
1408	164
1408	479
693	23
225	112
225	1370
715	415
715	714
2604	2605
1639	1628
1236	293
2174	522
888	1238
888	78
696	3
696	23
1965	726
1965	2606
1965	2607
1965	2608
2518	2130
2183	331
159	159
159	614
159	1529
159	163
159	157
159	1018
159	165
623	613
623	1
623	74
1259	29
2528	300
595	1762
437	95
2366	34
2366	2609
2366	137
2366	44
2366	34
2366	44
2034	112
2610	2611
2610	1473
2610	2612
2610	145
2610	497
2610	936
2610	1067
2610	2613
2610	2479
2610	410
2614	187
2614	273
2614	185
2614	2615
2614	150
2614	2616
2614	1540
2614	2092
2617	67
2617	67
1040	1466
1040	659
1040	288
1040	1466
1040	659
2618	62
2619	127
2620	2621
585	1104
1021	1021
1021	257
1021	2622
1021	2622
2623	2624
2625	675
2625	2626
2625	82
2625	1628
2625	82
2373	48
378	12
1573	982
658	849
2310	1466
2310	405
2310	1470
2310	1472
2310	933
2310	425
2310	233
2310	2627
2310	2628
2310	209
2310	933
2310	425
2310	2627
2310	209
2310	2628
2629	848
907	1950
907	280
957	1133
957	2630
957	2127
957	1133
957	2630
428	2412
428	2042
428	2275
428	2631
428	558
428	644
428	2632
428	731
428	762
428	427
428	1264
428	721
428	1104
428	644
428	1264
428	721
2468	64
837	2633
837	2634
837	330
837	194
837	2635
837	1539
837	2635
2636	44
2305	2304
2637	2638
2637	1892
2637	2638
2639	753
2639	2172
2639	2059
2212	495
458	2640
458	2641
458	783
458	180
458	2642
458	786
458	2643
458	2644
458	2645
458	1751
458	2646
458	2647
458	2648
458	2649
458	681
458	2650
458	502
458	1239
458	1381
458	2651
458	2652
458	1916
458	2653
458	917
458	2654
458	1824
458	2655
458	257
458	1344
458	2656
458	738
458	2657
458	1191
458	2658
458	2659
458	2660
458	2661
458	1422
458	2662
458	1357
458	1263
458	2663
458	1085
458	931
458	2664
458	2665
458	2244
542	539
1401	6
2666	2667
496	494
496	1458
496	2668
496	2669
496	2668
496	2669
369	368
369	1011
369	1736
369	2670
369	44
369	1736
1170	357
1024	1023
1024	2439
21	224
21	63
21	419
21	885
21	218
21	26
21	1775
21	952
21	458
21	1822
21	209
21	2671
21	68
2672	198
2535	360
1563	1563
1563	74
1563	609
788	788
1097	2673
1097	1096
1097	184
1097	2674
1097	598
1097	2674
1097	598
139	138
2675	208
2675	208
436	95
2676	2677
2676	2678
2676	1082
2676	2090
2676	2677
2676	2678
101	127
101	199
101	1976
101	410
101	410
2261	127
2679	44
2680	1030
2680	2210
2680	2681
2680	1003
2680	1855
1081	582
39	464
39	2682
568	567
2683	1608
2683	1608
1138	273
2277	368
2277	2684
2277	340
2277	1347
2277	311
2277	2199
2277	1102
65	61
2685	2686
556	224
556	955
556	1846
556	2109
556	951
556	608
556	800
556	2687
556	555
556	67
556	2688
556	2689
556	150
556	69
556	2690
556	224
556	800
556	2687
556	69
556	2689
414	1466
414	959
414	494
414	1242
414	237
414	2691
414	810
414	2692
414	1548
2370	1622
2370	67
2370	1630
2370	1630
2634	837
2693	2694
2693	2695
2693	997
2190	2457
2190	76
2696	1751
2696	2697
2696	2697
2698	2699
2698	2700
2698	2701
2698	2699
366	399
366	1252
366	977
366	5
178	176
976	2048
976	419
976	1257
976	85
976	2298
976	2048
976	1257
976	85
1608	2702
1608	1253
1608	2703
1608	1014
1608	23
1608	23
2076	137
1715	2704
1715	1714
1715	1834
1715	109
1715	109
2705	2706
346	344
346	344
1826	191
1826	62
1826	458
2707	425
1330	74
2292	370
2708	876
2708	1828
36	557
2394	1262
1006	495
1297	1849
1457	16
1457	2205
1457	2205
1433	881
1433	364
1433	85
1433	1967
1433	417
1433	630
1433	1535
1433	2404
1433	1967
1433	417
935	934
935	1101
2506	2505
2506	2709
1967	786
1967	2710
1967	237
1967	786
2711	2059
2712	933
2712	2713
2712	933
2712	2713
749	46
1901	2013
1839	917
1839	609
1047	53
1047	1043
2686	1861
2686	2685
129	2714
129	128
2469	1145
2715	468
2715	2716
133	132
2717	833
2717	44
2717	833
198	2718
198	1858
198	2719
198	196
198	2115
198	2720
198	2721
198	2672
198	1722
198	2485
198	2722
198	2723
198	297
198	833
198	2724
198	1071
198	2605
198	1963
198	2725
198	194
198	1311
198	102
198	477
198	2719
198	2722
198	2723
198	2724
198	2605
198	2725
198	552
198	1311
198	102
2222	2221
2624	616
2624	2623
2624	187
2624	2726
2624	2727
2624	2728
2624	1631
2624	616
2624	2728
44	2717
44	2242
44	99
44	2347
44	2636
44	43
44	720
44	98
44	1804
44	504
44	873
44	54
44	2448
44	369
44	2679
44	113
44	567
44	1756
2729	2730
2729	2730
2731	2732
2731	2732
150	2242
150	1805
150	53
150	556
150	144
150	1
150	215
150	1762
150	27
150	873
150	54
150	1709
150	74
150	723
150	112
150	221
150	596
150	609
134	132
2309	1022
2309	2733
2309	1673
2309	2733
2309	48
455	2677
455	2734
455	1307
455	1695
455	454
455	1039
455	1798
455	174
455	1887
455	2059
455	1074
455	2734
455	1307
455	1039
455	1074
2735	178
2735	2171
2735	2736
2735	62
1752	544
727	1472
727	1036
727	1775
727	984
727	778
727	471
727	2737
727	209
727	459
727	2738
727	1472
727	1775
727	984
727	2737
2127	957
330	837
1735	112
1969	490
1799	2055
398	398
398	786
398	2177
398	2739
398	397
398	817
398	2585
398	786
2740	1224
672	1245
1580	127
1580	720
1580	1258
1580	1662
1580	1401
1580	2741
1580	1225
1580	2742
1254	29
1038	834
2690	556
423	225
423	531
423	975
423	137
423	966
423	422
423	1783
423	631
423	1535
423	2743
423	2121
423	531
423	966
423	2743
423	225
2673	1097
2744	224
