1150 5581
2115 8849
2355 7437
1115 7534
1184 8723
1316 8578
1114 7535
1398 7868
2193 8363
2165 3399
2315 8983
1223 8222
1399 7869
2316 8984
871 7279
872 5580
1832 8997
2301 7456
1992 8185
2142 8848
2199 7458
36 5219
902 656
2371 576
1367 2784
2372 577
1159 1193
2308 5675
2307 5674
1158 1192
1488 4132
1905 8453
1936 6046
1005 501
1730 9066
523 8883
925 6516
2223 1833
2222 1832
522 8882
1609 7758
1004 502
2021 1282
2020 1283
223 2305
2095 7799
1239 1433
1368 2785
962 8535
2126 8385
2125 8386
1904 8452
2271 8981
1991 7734
1990 7733
1803 2059
1240 1434
2319 8919
1946 8785
1804 2060
2324 9050
2323 9051
224 2304
1769 7123
1962 8582
35 5218
2354 7438
2200 7455
2039 3992
675 8584
2070 8625
2069 8624
1185 8724
1482 8088
1557 7407
903 6542
1920 8734
1723 7771
2038 3993
2322 657
1921 8735
1179 4273
2325 6447
2137 8979
1722 7770
2326 6448
1124 3807
1729 9067
1831 5300
2094 5301
2284 8563
1550 4506
1851 8641
1833 7745
1487 4133
2166 3400
2385 8794
1483 8087
949 5636
1222 8223
1431 8010
1993 8184
2175 4141
2174 4140
2096 7800
2320 8920
1432 8011
1947 8784
1737 7375
1852 8642
1558 7406
1834 7744
1868 8612
2272 8982
1792 9132
1791 9131
1768 7122
1253 6054
1935 6047
1317 8579
1252 6055
2114 8846
961 8536
674 8581
2290 7911
2118 3294
2117 3293
2093 5656
2291 7912
1875 7849
2365 6495
2188 8847
2364 6494
2283 8564
2367 9069
948 5637
1191 1934
2286 3045
1099 3794
2112 5543
2269 7847
2113 5542
1878 8843
1874 7846
1100 3795
1877 8842
930 9128
1178 4272
1192 1933
1721 8221
2368 9070
2092 5655
1123 3808
1736 7374
931 8220
2386 8793
1477 5413
1869 8613
2287 3044
1476 5414
1608 7757
2138 8980
924 6515
1939 8968
2289 9138
1118 5815
1968 8640
1109 8440
1065 7815
1514 4067
2242 9110
735 1212
2298 8322
1988 6161
2183 2277
1063 5438
1628 8193
821 5116
1974 7006
1057 8758
1848 5924
2155 7569
1716 8108
2181 8727
1732 9012
208 7068
542 8669
2277 7380
2151 7182
1861 8757
991 4399
2147 6795
2279 5836
2261 7505
2135 7474
2103 8119
2202 8895
2297 8676
1201 3367
2337 5155
2209 8558
1549 3509
2140 3943
1994 5937
1582 8667
2379 6402
1863 8383
1467 7673
2270 7601
1622 8654
2060 8214
1822 7751
2022 5247
1304 8029
1839 7346
2327 4199
1705 6962
1275 4514
2303 6900
2107 8532
1371 8531
242 1263
718 8176
2186 3559
2335 8513
2180 7382
1666 6819
1748 6496
1972 6497
2232 6498
1772 9130
1667 8199
1909 6292
2215 7349
2185 8458
1704 8611
1774 9086
2000 5458
1402 7003
1948 6653
1267 4625
1773 7116
1696 5653
2130 8371
1154 4818
2146 4760
2050 8994
486 8526
2312 9077
1075 7776
2198 8560
1784 5864
1410 6493
1330 7287
1584 8414
2233 7594
1298 1436
1629 5778
1486 8163
2288 4802
1982 3681
2356 8251
2205 7511
1296 5976
831 5858
1592 746
2247 4762
1913 7356
1650 8902
1475 7257
2065 5941
1468 8491
2119 7918
2328 3944
1293 8888
2172 5677
1460 3188
2012 8351
2318 8416
2300 8456
1885 5818
2306 9001
2035 6231
2208 7137
2338 7135
1565 7134
2311 7132
1819 8835
2017 8909
471 8212
1674 7826
1280 2379
2191 5173
1758 6821
2162 6442
2128 3443
1348 8314
2278 6190
559 8904
828 8955
1933 8956
1300 3390
278 5701
1340 6131
798 8907
2218 7384
1640 9099
717 3420
2373 7304
1493 5308
2145 3236
1789 9090
1898 8828
1850 9032
2157 6133
1506 7119
1812 5466
1210 5467
1959 3492
1174 5477
2345 8246
2124 6155
1886 8701
2264 6871
2255 7282
1770 1383
1726 6373
160 4699
2088 9116
2257 3307
1766 1613
2036 9038
1806 8091
2293 923
2353 7833
1546 2008
1757 1925
1242 4707
2260 8135
2347 6243
1997 8763
2254 8872
2375 8357
1683 7709
2194 8988
1983 6076
2238 5985
2029 8178
1867 8682
1167 8798
2296 8188
2144 6073
1208 3107
2057 9021
2273 8649
118 8240
1297 7070
2081 5255
2008 5409
998 4178
2230 8042
1491 3653
707 8549
2351 7797
2382 8132
1437 8892
2024 7391
1033 787
1899 791
1655 9052
2076 4381
1637 8711
2314 6006
2099 7424
836 5288
1447 4060
2234 7879
2006 6412
130 562
2357 7147
756 2593
2196 7334
2164 5043
1977 4862
2158 2955
1643 6144
970 430
1607 8971
1858 7817
2131 7641
115 425
663 434
1230 142
507 821
382 6306
1303 6272
1036 5189
1717 4822
796 4820
1339 6145
763 4413
1751 7807
1510 7599
1837 7742
1957 6230
809 5272
2010 7073
1068 1345
759 6324
1884 5819
464 1000
1544 4370
463 828
939 1218
1481 4768
19 1991
516 7466
1910 7465
1058 1982
1596 414
345 3256
68 1484
103 808
1080 1804
166 386
1016 2344
469 4614
296 3460
1759 8834
623 6343
841 7345
1778 5916
1055 2014
967 1059
553 379
591 380
584 1229
1045 343
946 6012
1015 7727
2285 7050
2189 8268
311 7051
1151 8267
1694 7728
428 4327
1157 2714
1697 122
2134 4591
2203 7873
2280 5835
2262 7504
2104 8118
748 1488
893 6765
2108 4283
1246 4993
1508 5600
329 1395
23 383
1043 1223
219 1724
1042 3305
1887 3397
330 558
955 1060
293 429
1691 7827
353 959
194 1730
1478 1050
1703 3506
825 6706
1362 6271
736 4408
380 4409
116 829
720 8425
1829 8534
1351 5177
1585 3936
1463 3949
170 3634
564 2332
489 5601
1660 8499
260 1620
839 916
1916 7803
744 5870
1413 4564
557 1466
1175 3518
1212 1275
2141 8960
81 6356
934 3363
357 1427
1440 8140
563 655
2028 7419
2047 8424
1517 8100
1485 4946
1327 4939
1880 8455
1811 5465
421 203
1039 822
901 7608
430 813
853 5273
1218 8423
1231 6374
1140 7091
301 1312
3 1368
1539 4973
2102 5030
165 1372
2220 5699
2064 5187
993 6937
2276 7379
526 8922
2071 2868
582 5756
383 8090
1798 5168
344 3348
1281 4605
185 4690
1374 4606
1186 4999
1047 3008
273 2313
180 3255
673 5327
664 815
1141 3193
769 1912
259 895
2227 9088
290 748
491 3273
2083 4247
1421 7689
1461 3187
1302 3442
739 723
2121 8969
649 5275
1816 5879
1563 3360
354 955
472 3014
80 1439
221 2128
795 4819
1299 3384
1112 4709
1901 7117
1663 7508
1690 5317
1008 3262
83 255
1355 7756
1685 8311
272 1486
875 7312
183 4248
1336 7606
167 1296
2305 8886
48 560
2225 3421
1930 5182
1624 6641
1677 5051
230 4416
1274 8266
37 3184
288 2314
2123 6596
2332 3042
82 3955
832 3472
1472 3877
1354 9073
1646 8952
2058 6587
1675 3129
1815 6711
1814 6710
1842 3888
2369 7870
1469 10
779 3347
1412 8260
1505 8436
1561 2609
1971 1935
1753 7484
2034 7516
1810 8004
1526 8789
1989 7120
1739 6654
1795 7260
1387 6989
873 6673
1084 6608
1262 6682
201 3085
517 7997
1318 1983
1794 5887
1332 6108
1095 8965
628 6755
1189 5286
1229 6378
1380 7432
300 189
2376 7020
1738 5211
102 1988
706 1729
1044 5720
2366 5183
1451 6268
251 2333
239 1616
2061 7877
529 7414
577 118
1025 1646
1149 6357
284 3116
1741 1438
51 6932
697 5587
741 4924
1934 9082
292 1986
2087 4444
1767 6842
173 1295
803 1834
926 6881
882 3385
2167 7710
1912 1615
131 3551
1763 8781
55 7503
452 3640
799 5316
2148 8050
138 1537
408 6656
1138 7166
1932 5616
770 831
788 1755
1742 7895
1979 8390
1764 4775
2056 8976
956 8821
202 1728
1117 3149
1568 8721
2079 8776
1378 7618
771 5373
512 7780
1734 2851
204 1617
2267 4179
1405 6686
1761 8203
1995 2586
2248 2585
218 1051
672 3638
1776 4992
1419 3505
1625 5298
1654 5428
829 3114
1066 7496
762 2237
298 1302
764 733
1870 7902
667 5690
1104 7464
1103 8665
1986 8281
2184 8274
1908 8278
146 804
711 591
2204 5975
535 3878
734 522
2090 1344
1145 4487
1752 7483
1121 1239
1981 3091
1914 3090
1097 8857
1375 8554
1944 8555
1669 8856
575 2078
1216 3263
1215 3344
1182 5843
443 1747
238 2240
1952 4299
2339 7153
943 7880
1632 5664
2241 7449
1973 7005
1071 4767
661 1831
372 206
1597 8639
1244 971
1417 1918
1998 7633
510 5278
1048 3110
1888 6425
730 3108
332 116
285 2866
198 205
620 7957
1195 4280
662 6428
1881 2994
155 3361
2219 6422
2109 4284
1733 4579
539 2577
270 5374
1430 8296
1512 8244
1712 4340
1288 7809
1750 7808
2171 7267
2062 4227
2187 5159
721 8426
1062 5437
1263 3024
1879 7660
2170 8122
2154 4076
942 1541
1892 7128
435 236
2177 4920
1257 2777
1847 5923
671 1082
1708 7118
2217 4907
560 7145
644 897
543 8670
1224 79
1600 3122
2004 6540
2003 6541
530 3641
746 5415
1264 1464
606 546
1529 6423
2066 7336
1453 8630
127 119
1241 4769
637 5021
588 5200
466 1738
335 7454
1383 1010
1586 5383
812 8501
1862 5981
1917 6305
254 4959
1053 1463
24 3927
1135 1360
504 2081
1838 7741
1256 2026
1975 2481
524 3015
1782 4064
43 9075
550 6396
992 4398
1073 8107
1328 415
1783 7906
253 2211
186 4604
96 5666
1397 8151
2210 8557
635 8114
1671 1467
1349 6650
1323 5110
1866 8063
676 413
386 1740
1409 3544
402 197
1446 5745
2245 1112
110 4949
556 1841
819 3709
2046 7828
509 799
1779 8545
855 8213
1688 8537
639 1076
1653 5376
100 5871
2100 5500
699 1184
1603 6942
1922 5918
431 8500
1790 1556
540 792
1352 5176
1897 7784
605 123
1672 3452
1334 8511
1238 7622
1479 9117
1474 6159
2216 8677
142 4455
2016 7732
2192 7919
1631 3690
241 1264
953 800
1537 2897
1101 7452
1454 3508
152 1732
1846 2089
62 2035
1535 3773
732 7859
625 1083
604 3803
1164 5608
1163 5607
255 6908
678 1356
686 1774
1420 8065
403 1663
2302 1998
607 6067
972 2057
351 2520
2336 6753
654 3802
21 2271
84 215
898 2025
484 8740
1970 7218
139 2394
190 4371
1955 6733
1614 8679
1715 7703
404 2129
1023 1096
1765 1605
1422 1830
621 1750
2251 8486
494 3912
1401 4610
2127 8606
1081 5248
1536 7326
1132 4911
2374 5293
2344 8247
847 8145
328 110
1128 5128
281 2787
725 1737
485 4645
767 7369
608 1452
228 3871
2059 8437
1602 6003
417 1949
2011 6147
1871 8292
1771 922
789 1745
790 1211
698 2880
1331 1398
1072 3177
801 4369
820 4827
1232 8125
1452 8126
434 6763
1450 6267
1282 4612
1836 7651
1284 81
973 1021
478 325
1954 6072
954 4276
1070 4706
1358 1052
1630 5440
2143 6093
1541 4123
566 6308
1882 8481
416 941
1188 3552
1960 7090
439 4504
1312 8663
113 3793
1125 7067
1967 3258
681 5197
1038 6086
772 4517
29 11
1638 5882
356 805
1560 5814
2263 6870
555 4209
515 659
2304 6899
2014 1869
1286 4861
1443 3162
1170 6377
379 2645
1085 4997
2077 6601
657 3012
1307 1735
1449 6912
573 2659
1593 745
807 3884
693 2715
1041 468
1500 7937
151 1363
851 7069
1583 3633
2001 5479
63 2242
287 2085
451 2033
793 4063
527 7829
1802 5800
2256 4492
2074 3398
57 3471
64 6968
892 6205
2054 6206
968 4771
1206 4770
2026 8149
1480 4200
1017 2707
370 2978
333 204
500 619
1365 5678
1384 4254
177 2383
2037 8726
2197 7203
1777 8628
309 3543
1513 550
89 3612
695 1504
1621 7124
505 2030
506 2032
1359 699
437 6312
297 4324
1720 8762
1087 2134
262 3341
964 2633
785 6359
1524 2833
1805 5406
1407 8417
1698 6592
412 4265
133 4015
422 2086
128 4424
1860 6000
691 2122
513 564
742 6068
1319 7347
105 1146
824 4384
787 6485
1519 910
399 2315
982 984
74 333
987 627
1760 8949
1523 4929
1522 4931
1285 4928
680 5418
957 735
20 1174
22 1538
774 2730
237 4551
1883 5574
498 4240
783 4341
935 2396
2387 195
1821 4932
786 1712
743 912
1945 8020
1209 7963
1895 7927
822 993
1129 8716
1940 4672
406 158
1826 6162
72 526
1692 6313
1679 6310
727 4068
30 600
848 9041
1110 3401
1247 4765
1277 3450
2352 7378
613 2115
960 7907
2030 7614
396 2769
1079 4137
568 2530
869 339
1069 1761
618 1316
2085 5024
1054 2183
1098 1662
752 5369
1504 4508
2317 2336
1545 2007
320 4734
2258 8802
189 4372
1049 4128
1581 2882
1291 4418
39 1820
1896 7929
710 1510
1002 4207
1270 3904
963 6050
1594 8359
905 3699
808 188
388 762
476 3702
1429 3635
688 2629
1817 2278
400 4784
2380 6724
1106 6762
714 473
1559 5377
95 1952
1194 1602
579 5598
838 727
514 3696
499 4607
1668 5193
225 2513
885 707
52 3080
1029 8067
775 4356
367 4435
27 2132
1255 4070
917 1635
1003 1048
2169 7951
881 7041
1393 7042
397 2486
1540 1667
757 4520
215 3974
1292 8312
1444 1006
1019 1468
1756 1924
1442 4126
966 331
740 3112
1999 7634
459 1577
1020 5499
701 3660
1119 4987
2101 7924
538 36
1435 7674
283 1845
11 3331
1610 5917
2149 5023
702 1191
8 607
227 2453
624 40
888 5366
1347 7086
440 3734
409 3173
119 169
26 1064
462 3161
2214 6116
252 3111
886 6382
387 1073
461 3577
682 2031
1363 559
722 3326
1424 8901
719 8539
1051 5259
1031 6102
13 2619
47 398
407 639
415 1026
444 154
350 3276
1382 5267
840 3954
586 936
715 1849
474 4034
217 332
261 1152
1346 7165
1797 7186
1207 3011
1139 1453
2201 3181
4 2209
1111 4052
1416 6476
25 1587
2228 4367
1807 6668
2362 834
1727 8694
938 6816
2013 7301
590 5692
583 4275
781 6101
668 5302
626 3554
811 2231
1659 4401
1598 6261
488 1783
1641 5204
2041 7157
1136 6249
1248 1077
1006 6118
1793 6431
153 5834
1572 8154
1533 7478
503 2077
2310 3743
525 3009
986 2058
1754 7274
448 2526
1903 7644
1462 6794
147 553
1050 3315
1664 6346
2156 6714
90 1540
1576 5154
511 596
378 439
1647 8658
1196 7670
188 763
1661 4880
692 486
277 1995
126 327
827 4995
1060 359
2078 4675
18 1390
363 494
460 1545
231 151
502 5186
161 749
1464 4813
609 3299
291 3362
53 293
385 3086
1310 7340
1309 7339
243 1483
1272 3237
914 3706
1785 1606
1528 6571
1052 7848
1074 7598
45 3432
636 4425
1211 2101
749 431
776 1128
723 2143
784 4346
546 768
1590 7626
481 1041
531 3614
134 870
1377 6160
1173 6961
773 1119
1190 78
303 2405
1441 8460
977 1057
1943 1601
447 689
0 104
2206 7303
1713 3558
1001 3373
1823 5694
1165 914
1466 7620
561 1770
1012 6104
247 109
222 1889
1243 182
1434 4213
1841 3883
1171 5840
1221 801
1633 8308
595 2776
212 1618
619 3951
258 606
989 2480
868 3597
1731 3548
200 6873
163 1498
700 3902
306 2412
174 8116
46 675
913 7335
475 1920
1091 2611
405 1063
1484 6553
1496 3663
1996 4545
1639 8243
704 954
709 463
1083 710
1530 6875
420 4452
98 2446
209 1503
1907 8277
920 1782
1199 4065
641 992
1780 3512
685 2525
923 5262
1258 4976
677 2798
187 210
44 9076
683 6443
1372 6554
906 5604
1108 283
92 585
69 2330
554 3703
818 1342
401 5473
861 789
1290 4869
629 5307
70 3216
650 200
192 148
2299 2411
800 6415
1213 2053
1343 8362
323 1843
1937 8215
534 5885
958 3332
576 3721
264 807
308 6487
518 665
104 267
2 5973
1076 5553
1623 7467
997 7139
373 3013
1648 37
1919 1198
1711 7568
129 362
1390 1445
1616 5107
1843 5561
1587 4595
842 2913
1511 7415
1455 2260
854 1644
286 2100
1279 2116
627 1245
1635 6134
632 3275
1027 7881
314 3988
1040 5254
1749 8672
331 16
1261 6683
162 586
729 3368
1026 3314
1902 8616
894 635
2086 5910
1978 4505
1357 1040
1022 6863
1800 7860
1644 7573
846 3524
1929 6797
1181 3021
1509 7587
1501 2479
446 2243
33 167
979 6241
1627 6752
168 2440
1543 2386
653 5274
2179 4099
220 758
1459 3026
1259 5290
305 5948
932 2971
738 1954
85 2566
933 2761
950 1679
97 1179
172 1787
429 274
569 4804
124 2887
597 938
49 3271
54 178
768 987
240 55
1471 4368
1056 3561
2023 6670
877 3930
603 949
132 2180
1891 8885
1618 5519
184 4538
551 3504
1534 5689
1942 6649
1088 7959
418 2437
1172 8411
1620 41
453 2533
157 108
398 1653
477 1047
1923 7588
473 2759
121 1660
900 8142
150 4652
50 839
1146 6743
191 532
319 4146
830 2069
117 8239
391 1829
248 8391
1131 2011
1370 3547
1325 4366
1828 1946
945 5813
1906 5921
1266 4624
642 3701
340 2968
951 4826
994 396
536 1352
322 2027
864 631
1924 6254
589 475
75 4613
947 1598
1295 1206
794 435
479 2372
876 3869
2295 5245
2091 6024
32 1508
59 1276
458 6894
1161 323
996 7545
456 6237
249 1881
766 2045
867 3158
1414 1746
304 2234
633 4339
817 405
182 6352
843 294
15 911
393 2191
2019 4676
1527 5059
1276 1923
2377 1147
77 1104
1388 319
1305 6975
246 2441
364 3677
2236 8779
1601 5385
1166 8797
1645 1825
343 563
745 3718
480 4872
321 826
318 172
857 6177
806 3882
1130 7054
2133 5398
289 3145
164 625
423 199
1169 309
1361 3839
1918 6383
834 2288
73 2
2346 1170
592 1013
765 272
1605 1188
376 437
558 1465
358 4470
616 2478
34 245
2253 2423
1236 1457
1234 5726
1193 6350
496 3686
726 7630
66 1055
1391 8128
14 932
1176 3405
88 3766
1445 7309
1 3167
1855 8893
1403 4375
470 3100
918 4593
658 4330
908 7899
61 3296
687 2508
2111 6465
256 130
449 3081
544 1838
9 608
299 8
884 891
445 2451
122 420
487 2249
361 5367
1046 2051
137 7578
362 2269
269 8124
705 1607
12 4108
1439 382
1925 7434
419 2206
149 1905
648 2107
148 1529
1702 5700
91 3822
207 4183
1202 1240
1553 3306
813 326
1662 9055
234 184
541 1159
346 3593
176 329
959 1689
93 803
143 1564
236 115
41 1534
612 5958
521 216
1580 2881
211 176
457 2152
76 4169
1233 409
815 6362
1958 7234
338 4871
565 4708
883 4618
1494 2229
863 3387
1473 951
1126 8412
1849 5386
389 3069
2042 2072
1956 3190
1197 6642
2106 5172
233 160
1820 2264
1521 4261
1489 6027
197 888
114 1980
468 2436
1552 1543
381 806
1061 3945
1156 1976
1438 141
622 2355
377 1683
369 281
600 7691
778 5282
144 1500
87 772
232 1757
352 149
919 465
154 342
1032 131
325 2092
844 3540
1707 1393
1890 5471
10 1243
519 1020
347 5433
814 6699
195 2628
1678 6309
520 4753
593 181
1415 3557
339 8179
279 5535
2229 5160
424 950
140 1164
123 3457
1676 6113
1396 6760
571 56
2274 8693
1699 7089
1744 7323
974 4148
1360 5798
109 3007
1951 7140
199 42
1315 4905
178 98
341 2895
1709 7278
271 1532
1341 7656
226 1811
145 2289
1615 4681
1030 6008
915 5841
1168 1890
2282 5894
860 2837
196 2184
866 2929
1844 6189
574 317
1503 4120
2237 5914
1162 4653
585 6140
1961 2511
294 4125
483 3591
274 1840
1059 392
837 6849
411 3964
280 106
874 4594
375 145
1490 3652
645 879
1385 2870
1502 4226
1495 5356
2350 4477
414 5478
965 3301
410 2282
193 7794
1335 8674
952 6034
976 4665
245 2916
733 2918
213 3475
1311 6534
2005 6015
1566 734
533 6880
761 6787
696 2531
392 6322
156 3576
630 7627
17 637
904 4718
1689 8368
1492 782
171 5783
250 3047
348 1861
442 634
816 5266
334 1031
2259 4724
360 315
2044 6138
40 2449
581 4231
791 298
31 4885
792 350
1356 3778
1613 102
724 3240
295 2232
528 7044
413 2523
856 4912
580 2020
60 632
1337 6035
58 3183
317 7823
366 8143
2045 2877
181 261
941 3157
940 3446
1344 6081
465 1249
1381 2919
1105 2361
282 1376
1250 3649
651 3046
86 2189
482 1878
1953 4136
611 111
467 2637
910 4335
728 2560
547 3180
2139 7152
552 1695
1093 1793
1642 5949
708 8548
988 7239
455 875
1147 3768
1787 7096
562 1098
266 999
859 3682
1018 1066
2292 6884
753 2912
1028 7694
916 2393
983 4715
532 4322
1684 474
1400 1469
712 2941
1681 3688
2173 8990
689 483
158 469
169 1656
643 80
638 1009
263 1771
120 2584
1324 1943
731 6273
640 137
2381 6915
394 3484
2348 7088
67 5875
433 8660
1237 3921
16 1257
257 370
42 232
578 143
492 3352
1755 3646
879 666
1394 2828
1034 786
179 4971
441 5972
79 114
646 8064
2313 6005
1588 7760
754 6139
210 1187
1786 8388
1092 2834
5 2713
267 5232
614 2829
1082 4028
1531 6424
216 5407
929 2869
275 6344
1386 7081
1665 4402
450 638
665 2473
1204 3627
2067 5984
995 1455
1724 3948
2015 8710
1575 3343
2075 4379
1373 4646
1813 364
1612 3987
1555 3055
1856 6545
1269 1380
631 728
2080 5252
125 1105
1418 4592
1273 5877
758 456
497 223
1007 6620
493 1784
895 1781
2211 9115
833 4459
1830 8427
106 4972
598 4890
823 5749
312 70
2110 3324
1144 86
2384 3937
849 4519
2122 8605
2049 7967
2321 7000
985 1703
1636 6658
2226 9008
1067 1997
2343 7453
1562 7753
805 1921
1900 5837
2048 6229
716 1298
2063 8236
135 4239
1094 7898
2340 8662
1127 6913
747 2127
1457 4741
206 3023
602 545
2053 7413
1423 6723
65 1458
395 6360
1864 8086
38 6414
1931 8995
2342 1208
2018 4082
2082 7113
307 6693
1873 850
937 4815
111 3643
2266 6042
2052 4009
1673 3072
326 2108
1719 7366
1686 9010
1579 3852
2389 8964
1226 8032
2333 3841
107 3322
2360 6244
1693 9030
1682 5589
268 6120
1406 6725
2239 8120
1938 8954
1976 7488
1928 7280
1743 9011
2136 8708
760 5723
2361 5590
1153 3534
1718 1121
438 5049
2027 7889
2051 4868
1740 7736
1120 5963
1700 8170
1927 6475
1021 7551
1714 266
2040 7597
2043 8310
1728 5617
2235 8550
2153 6855
2330 2685
2268 8643
1799 6411
810 3938
28 4857
1322 5898
570 8927
2359 8705
2370 5591
2152 8076
1987 2406
755 4627
1926 1107
349 400
1788 9137
990 7882
508 6128
1389 2876
1254 8633
1599 6069
7 929
944 5804
1366 988
896 3274
2032 8680
1134 1386
2378 6531
587 3005
1428 6953
1547 5544
2176 8219
2129 8242
2240 5443
1577 3744
2168 8790
1853 4446
136 7538
1364 3470
594 2228
634 498
1649 9092
1433 6971
2182 8037
2150 8788
1289 602
1538 4323
1306 668
2073 7537
1268 2694
1746 6617
1567 4951
1845 5880
1569 7730
1436 8891
2212 8778
2190 8870
1969 6235
1426 4237
1245 6565
1294 5793
384 3369
2098 6126
1143 6471
78 2740
359 6311
1542 6585
1840 7071
777 3006
1265 1642
1395 8914
835 5287
501 8823
374 5721
2309 8394
1425 2338
1556 6399
862 8454
1470 6001
6 1586
1865 401
2224 8626
141 4032
2329 1016
2025 7928
2068 8431
214 3474
804 3041
1626 192
1392 3481
928 1237
368 4602
826 925
1465 6154
984 3323
1342 2164
1706 7509
1427 2079
1313 1965
1859 5577
2294 8229
1889 8377
2383 6196
2363 9100
1894 2117
2161 2071
1574 7055
2244 5144
1009 6256
1985 823
1116 4225
610 3308
1086 3610
1205 1558
1824 4343
1271 7867
1966 5292
1619 8707
890 5950
1578 7961
2243 8361
2007 5410
1187 5145
572 4460
567 6826
545 2592
315 4537
2388 2943
432 7539
1249 7547
2055 2758
1611 8043
1217 8115
1301 2657
324 1817
669 1953
679 3469
1078 2239
1133 3533
1404 1039
927 7412
909 3782
1320 7910
2160 7520
652 2966
899 703
94 2297
870 8264
659 5129
666 256
1160 2782
1747 7916
1498 8530
2275 6444
1220 8009
1595 1022
1251 8738
2002 2200
780 2830
495 3899
2358 3648
599 5284
1024 8852
2265 6446
1809 1124
2178 6960
1801 5730
1854 3109
316 3174
1278 1917
694 1049
159 4698
1350 7834
2281 6933
2084 1526
365 6285
371 8241
1725 7602
1035 5188
244 6164
1687 6002
2341 8741
2334 7164
1835 7653
490 3154
975 2845
108 4326
2213 6115
1203 4465
797 6928
2072 5372
880 5743
1198 7932
1984 7696
1458 6885
1227 4553
1329 6675
999 4177
2195 3739
1214 3664
229 6318
265 4825
1180 4111
1872 8850
1353 6925
203 140
852 5333
1520 3615
845 7600
235 3370
1408 3569
1781 7678
1345 7571
1825 6802
889 4644
912 3269
1551 7530
1657 8683
1525 6804
1573 6077
2163 1725
1102 4031
99 3175
390 6732
2097 510
1177 455
342 4030
1949 8760
1745 7766
1670 7468
2031 7381
313 6879
310 7457
922 2963
175 7905
1680 7684
1283 5522
2105 8860
1701 7628
921 3820
1571 9124
537 2428
1808 8706
302 5265
1775 6197
670 4918
327 2726
615 3057
656 4204
112 5354
887 4234
1617 7991
980 3683
1225 7325
647 7874
2246 4683
2132 7642
2349 4873
858 5928
2331 6188
1077 2558
2009 676
426 5331
355 1666
1548 4596
1604 6506
1308 4737
1107 688
713 6796
1000 3172
1338 3478
1941 6648
1113 7682
1064 2346
1516 7311
548 7255
1456 3185
1658 7523
1634 3037
2207 8992
425 5332
1710 3996
981 7066
969 4865
1827 4930
878 6667
71 2238
891 3665
1183 4788
971 1449
1570 4901
1155 6910
1321 2832
1656 8186
2120 8467
336 1578
454 3693
1950 196
1200 548
2221 5828
1651 8202
2159 2796
655 1103
1857 3957
1606 7220
751 5964
1014 6957
703 3689
427 670
1314 3980
276 2339
2250 8167
737 2224
1818 7125
1376 3999
660 3171
690 8745
1497 4615
1379 5731
1876 6811
1152 8313
1037 2721
2033 49
684 3960
1148 6764
1448 8476
1762 4759
1089 4678
865 6355
1893 8561
1411 4858
1554 3376
101 5782
1964 8637
936 4651
1499 7536
1515 1992
1219 7872
1589 8894
1090 6038
1122 603
1796 9096
549 2650
1326 9084
1287 7857
907 6427
1260 6591
1507 1856
978 5229
617 4164
1591 4143
1532 6922
596 5430
205 8103
1333 2915
436 3515
337 1292
2252 2009
1564 214
897 4387
1011 5520
850 1165
56 26
802 6150
1652 6245
2231 1335
1096 4334
750 1171
1735 5156
1235 8720
1228 8934
911 1114
1142 5337
1963 2519
1695 2110
1965 1097
601 1892
1518 946
1010 4206
1369 5325
782 2263
1013 4587
1911 4011
2116 5118
1980 2546
2249 2567
1915 7022
2089 1197
1137 2082
