0 639
1 1302
2 2757
3 941
4 806
5 1179
6 2457
7 3324
8 1146
9 4265
10 255
11 870
12 199
13 200
14 2523
15 1564
16 1811
17 675
18 1073
19 434
20 2267
21 1820
22 2658
23 386
24 1063
25 1439
26 1066
27 429
28 1982
29 1427
30 2271
31 3006
32 3410
33 3432
34 3608
35 3993
36 8920
37 1831
38 5814
39 2440
40 2212
41 4034
42 3468
43 6229
44 7742
45 3576
46 2205
47 2383
48 2486
49 3282
50 5553
51 7095
52 3865
53 2513
54 2227
55 3462
56 3689
57 699
58 3696
59 2292
60 2053
61 971
62 1953
63 560
64 6875
65 5775
66 2127
67 821
68 1000
69 1663
70 3252
71 7462
72 4015
73 3593
74 3702
75 4240
76 2529
77 2936
78 2092
79 3315
80 655
81 1735
82 1774
83 3634
84 2990
85 2441
86 5282
87 5207
88 4956
89 3070
90 2243
91 5312
92 4809
93 1082
94 2191
95 1296
96 2282
97 4524
98 5779
99 4248
100 6267
101 7378
102 2270
103 895
104 5516
105 5333
106 3085
107 4605
108 4614
109 2372
110 4227
111 8727
112 7067
113 546
114 2732
115 1616
116 1453
117 6134
118 8982
119 5032
120 6831
121 3727
122 8580
123 4303
124 2536
125 3529
126 2082
127 3738
128 4841
129 425
130 3552
131 2128
132 3787
133 2189
134 3750
135 3364
136 5116
137 8663
138 2290
139 1838
140 2246
141 4032
142 2069
143 2566
144 2107
145 2451
146 3641
147 7387
148 3594
149 2700
150 5827
151 1587
152 2228
153 1223
154 5849
155 4091
156 4344
157 6186
158 7177
159 111
160 8994
161 3240
162 3882
163 3734
164 2924
165 3633
166 1529
167 1620
168 4449
169 2206
170 2042
171 5795
172 1912
173 3276
174 2353
175 8009
176 8776
177 1787
178 5475
179 2437
180 1607
181 3561
182 3258
183 3348
184 5481
185 5255
186 2648
187 3953
188 4508
189 6003
190 5545
191 3805
192 2438
193 5689
194 4924
195 2449
196 3681
197 4503
198 2393
199 3625
200 3047
201 5272
202 2097
203 1713
204 1295
205 9110
206 8909
207 4299
208 6006
209 5549
210 5246
211 3720
212 4309
213 4709
214 6782
215 6124
216 5178
217 3955
218 1963
219 2084
220 4354
221 5401
222 3464
223 8793
224 5542
225 5410
226 5056
227 2209
228 5442
229 7803
230 8658
231 3923
232 3880
233 6549
234 2129
235 2332
236 4558
237 910
238 914
239 4172
240 4452
241 5745
242 3187
243 1738
244 4769
245 4370
246 5099
247 4447
248 4371
249 3863
250 562
251 5666
252 4610
253 6349
254 4488
255 6010
256 3630
257 2520
258 4565
259 5224
260 4785
261 2892
262 5392
263 4079
264 4210
265 4804
266 813
267 6210
268 1998
269 6268
270 2696
271 3194
272 2838
273 5756
274 8852
275 3948
276 3949
277 2522
278 5701
279 5047
280 4021
281 7312
282 985
283 3769
284 1829
285 1834
286 4183
287 6035
288 7608
289 3815
290 5833
291 2935
292 4012
293 3834
294 3994
295 6067
296 8078
297 2809
298 2822
299 5120
300 5676
301 2963
302 4715
303 4333
304 916
305 3145
306 7555
307 4277
308 3273
309 3005
310 6986
311 7252
312 5243
313 3398
314 142
315 7432
316 3368
317 6873
318 5704
319 1886
320 8280
321 3167
322 815
323 3083
324 5071
325 5480
326 4339
327 1492
328 8667
329 5602
330 3286
331 5038
332 3530
333 1724
334 4052
335 8329
336 3072
337 5837
338 3779
339 7876
340 2818
341 4077
342 4973
343 5943
344 7092
345 3803
346 4329
347 5813
348 2235
349 2333
350 5026
351 2707
352 2183
353 4820
354 4822
355 805
356 6638
357 4996
358 2815
359 6311
360 3331
361 6458
362 6418
363 4601
364 3873
365 5275
366 7154
367 5948
368 6064
369 4039
370 5274
371 6120
372 1440
373 1395
374 6714
375 4764
376 3822
377 4239
378 6278
379 4905
380 6379
381 2875
382 9100
383 3683
384 1986
385 4539
386 4276
387 2384
388 4187
389 7032
390 1991
391 984
392 4959
393 4324
394 3419
395 7529
396 3554
397 5783
398 5436
399 1298
400 3459
401 7694
402 3838
403 3871
404 6016
405 4424
406 4174
407 6849
408 5223
409 4293
410 5661
411 1942
412 4705
413 2825
414 7670
415 2239
416 4526
417 3745
418 4516
419 1845
420 3218
421 5200
422 4189
423 4389
424 5733
425 2341
426 6394
427 3175
428 7311
429 4701
430 4378
431 6000
432 6675
433 8964
434 3063
435 5654
436 7164
437 5466
438 4243
439 4085
440 4975
441 6429
442 3629
443 1893
444 2402
445 1889
446 4652
447 5022
448 4665
449 8227
450 6256
451 3790
452 6461
453 4673
454 2530
455 4784
456 4372
457 2276
458 4513
459 2400
460 6022
461 5785
462 3766
463 2104
464 3918
465 3184
466 3817
467 4883
468 5489
469 9032
470 2378
471 6372
472 1830
473 3165
474 2639
475 3730
476 2855
477 3007
478 4918
479 2779
480 3945
481 3597
482 5140
483 2370
484 6442
485 414
486 6312
487 2752
488 5801
489 4684
490 2780
491 4742
492 3903
493 4413
494 2852
495 5806
496 3979
497 4287
498 7081
499 4564
500 4878
501 4436
502 7812
503 3639
504 5996
505 7006
506 5438
507 5735
508 3864
509 2703
510 5280
511 2769
512 4092
513 4555
514 6851
515 3199
516 4178
517 7997
518 4743
519 4123
520 5834
521 4278
522 6642
523 7051
524 822
525 5473
526 8311
527 1264
528 3008
529 7414
530 4134
531 5138
532 6328
533 6069
534 4857
535 7788
536 4746
537 8850
538 3701
539 5931
540 4146
541 3658
542 8669
543 8670
544 2653
545 7889
546 6203
547 5739
548 8860
549 8894
550 6428
551 6343
552 5232
553 5424
554 4466
555 8539
556 5824
557 791
558 787
559 6683
560 4735
561 3640
562 4708
563 4107
564 3173
565 4356
566 6236
567 8511
568 3711
569 3699
570 8532
571 4986
572 4858
573 4434
574 4252
575 3718
576 6128
577 3484
578 4425
579 5843
580 5058
581 4475
582 3116
583 2880
584 6285
585 3646
586 4774
587 5405
588 3764
589 6177
590 5134
591 4562
592 3930
593 4609
594 4128
595 3906
596 5537
597 4965
598 5244
599 1563
600 5172
601 7645
602 4043
603 4613
604 7890
605 3177
606 4201
607 6727
608 5027
609 4412
610 5645
611 6125
612 8757
613 4872
614 5057
615 3013
616 8037
617 2085
618 2997
619 3147
620 6241
621 5402
622 2560
623 4813
624 3457
625 1342
626 4816
627 3058
628 6672
629 7304
630 7274
631 5754
632 7526
633 5823
634 5564
635 8051
636 4006
637 3299
638 6123
639 2776
640 4844
641 4375
642 4397
643 3761
644 5882
645 4316
646 8640
647 7484
648 4588
649 3014
650 4289
651 3322
652 4990
653 4942
654 5726
655 2423
656 2532
657 5278
658 5101
659 6583
660 2396
661 5357
662 3417
663 2974
664 4712
665 4471
666 7036
667 4357
668 4553
669 4202
670 6390
671 3747
672 5973
673 5325
674 5835
675 5836
676 8121
677 2184
678 5714
679 6266
680 5940
681 3216
682 3802
683 410
684 7466
685 3591
686 4335
687 2831
688 3666
689 3304
690 4992
691 6197
692 4586
693 8988
694 2609
695 5490
696 2858
697 7875
698 5432
699 6997
700 7945
701 7142
702 3816
703 7124
704 5229
705 4114
706 2756
707 1192
708 3293
709 5515
710 7212
711 5852
712 2759
713 6910
714 2262
715 6157
716 5777
717 7455
718 7458
719 4567
720 8135
721 5179
722 4352
723 6314
724 4167
725 4498
726 5989
727 6793
728 3387
729 2548
730 3108
731 3544
732 8351
733 7073
734 522
735 1212
736 2824
737 2966
738 2330
739 3326
740 3111
741 6681
742 4403
743 4777
744 13
745 1849
746 3012
747 3056
748 6043
749 4387
750 5573
751 8025
752 6105
753 5068
754 3274
755 3793
756 4199
757 8844
758 5139
759 6571
760 4416
761 7356
762 4234
763 3460
764 3179
765 4600
766 6382
767 7090
768 5635
769 3902
770 4455
771 5743
772 3049
773 5195
774 3786
775 4461
776 2956
777 4390
778 3609
779 2575
780 6073
781 6196
782 5258
783 2258
784 6661
785 2008
786 7937
787 7999
788 4494
789 4640
790 3183
791 6577
792 4096
793 3251
794 3678
795 6620
796 5897
797 5529
798 9068
799 4627
800 5494
801 3654
802 4612
803 4193
804 5647
805 7854
806 8436
807 1605
808 6356
809 5556
810 7265
811 4538
812 5858
813 5856
814 4487
815 5100
816 5397
817 4306
818 3638
819 6031
820 4233
821 8140
822 993
823 5503
824 5347
825 3088
826 6190
827 4213
828 7342
829 3114
830 2518
831 4429
832 5447
833 4718
834 1373
835 4166
836 7799
837 5254
838 3965
839 7952
840 7677
841 5717
842 5036
843 7982
844 5791
845 5793
846 4108
847 4566
848 5208
849 9011
850 8699
851 6161
852 5632
853 4384
854 4212
855 8552
856 4702
857 8081
858 5025
859 5385
860 8864
861 5639
862 8454
863 4825
864 2968
865 7624
866 4713
867 3026
868 4737
869 4911
870 2489
871 5580
872 7279
873 4827
874 7035
875 7409
876 4695
877 5450
878 8828
879 2740
880 4571
881 5582
882 6731
883 5285
884 3927
885 5077
886 6432
887 6460
888 8107
889 6335
890 8530
891 4454
892 6750
893 6990
894 2289
895 4408
896 4126
897 6283
898 6364
899 5650
900 6419
901 5738
902 4591
903 7474
904 6400
905 5041
906 430
907 3011
908 4617
909 5921
910 3500
911 8063
912 5744
913 3767
914 3706
915 3574
916 5667
917 6723
918 5625
919 4581
920 5526
921 6879
922 5197
923 6048
924 8563
925 8564
926 4834
927 7924
928 4410
929 7773
930 8120
931 8118
932 7478
933 6635
934 4980
935 4207
936 4391
937 7568
938 4801
939 4458
940 5692
941 4505
942 5955
943 8565
944 4726
945 6459
946 8060
947 4238
948 9067
949 5675
950 6078
951 4970
952 6351
953 4997
954 4953
955 5746
956 8093
957 3869
958 4358
959 4124
960 5467
961 1282
962 1283
963 4432
964 5715
965 5988
966 2547
967 5021
968 4393
969 1911
970 3775
971 5851
972 4607
973 2185
974 5767
975 5399
976 5586
977 5885
978 7887
979 8056
980 8866
981 3397
982 4063
983 3819
984 8704
985 5451
986 7025
987 7030
988 7278
989 5235
990 8990
991 7833
992 5123
993 6937
994 2321
995 8201
996 4381
997 6346
998 4506
999 3509
1000 5514
1001 3154
1002 3964
1003 3575
1004 6055
1005 5307
1006 7148
1007 7386
1008 6320
1009 4275
1010 9118
1011 5859
1012 3936
1013 1170
1014 7661
1015 8747
1016 4422
1017 4655
1018 6927
1019 5771
1020 3291
1021 6089
1022 6794
1023 7091
1024 8394
1025 3709
1026 5104
1027 3877
1028 8437
1029 4786
1030 5020
1031 6102
1032 6402
1033 4625
1034 8719
1035 6763
1036 7493
1037 8628
1038 2872
1039 5119
1040 6260
1041 4326
1042 7979
1043 4957
1044 6422
1045 6254
1046 3471
1047 1344
1048 3615
1049 4409
1050 2959
1051 7926
1052 6401
1053 4649
1054 2637
1055 2577
1056 1943
1057 7397
1058 3998
1059 4725
1060 5965
1061 5128
1062 4076
1063 7569
1064 3610
1065 7287
1066 8885
1067 4889
1068 4733
1069 2436
1070 4544
1071 7121
1072 3698
1073 8142
1074 5766
1075 4577
1076 4259
1077 7600
1078 6732
1079 5124
1080 5227
1081 7691
1082 5563
1083 5163
1084 6132
1085 5550
1086 8802
1087 1050
1088 8779
1089 1635
1090 8476
1091 7313
1092 2055
1093 6095
1094 8029
1095 5938
1096 7203
1097 6410
1098 4169
1099 576
1100 5879
1101 8091
1102 3682
1103 5500
1104 4932
1105 7167
1106 5102
1107 5498
1108 5105
1109 8440
1110 5012
1111 4121
1112 7464
1113 8432
1114 6663
1115 8417
1116 5868
1117 5008
1118 7687
1119 4680
1120 6694
1121 5891
1122 6480
1123 8696
1124 8723
1125 4949
1126 2026
1127 2030
1128 3577
1129 6759
1130 5460
1131 6099
1132 5118
1133 5792
1134 3721
1135 5091
1136 5626
1137 7716
1138 8557
1139 5360
1140 8676
1141 7384
1142 3015
1143 4833
1144 6079
1145 4074
1146 5268
1147 6162
1148 6131
1149 6272
1150 5581
1151 141
1152 5609
1153 5267
1154 7170
1155 3305
1156 4450
1157 5425
1158 4140
1159 8974
1160 5972
1161 8276
1162 3703
1163 6710
1164 6711
1165 4589
1166 8641
1167 8842
1168 4753
1169 4504
1170 4340
1171 6484
1172 6670
1173 5936
1174 2882
1175 6198
1176 6088
1177 3932
1178 6398
1179 5219
1180 5209
1181 4690
1182 4765
1183 4869
1184 5098
1185 6495
1186 6352
1187 7717
1188 8250
1189 6104
1190 7930
1191 4724
1192 3090
1193 7543
1194 5682
1195 8365
1196 5440
1197 7419
1198 7453
1199 5004
1200 4722
1201 7611
1202 8080
1203 6136
1204 3283
1205 5365
1206 5160
1207 1345
1208 6959
1209 7963
1210 7957
1211 4463
1212 2733
1213 5210
1214 7560
1215 7239
1216 7953
1217 8083
1218 5189
1219 3195
1220 7412
1221 7583
1222 8453
1223 8919
1224 3472
1225 5154
1226 7807
1227 3664
1228 3016
1229 4341
1230 4920
1231 3421
1232 6682
1233 3551
1234 7848
1235 3021
1236 6712
1237 6415
1238 7131
1239 8642
1240 5655
1241 8665
1242 9043
1243 3908
1244 4881
1245 5929
1246 5317
1247 2944
1248 6077
1249 5059
1250 5332
1251 8242
1252 7437
1253 8856
1254 4427
1255 5907
1256 8090
1257 6142
1258 7950
1259 5959
1260 7255
1261 5477
1262 7587
1263 6396
1264 5314
1265 4261
1266 6848
1267 5144
1268 2899
1269 6023
1270 4232
1271 5055
1272 7534
1273 8363
1274 6541
1275 5705
1276 7669
1277 5984
1278 6487
1279 4912
1280 6911
1281 7380
1282 3107
1283 6218
1284 8290
1285 7730
1286 1554
1287 5015
1288 7350
1289 4135
1290 3760
1291 7805
1292 5386
1293 8039
1294 4530
1295 3933
1296 8961
1297 7345
1298 8043
1299 2439
1300 6989
1301 5329
1302 5928
1303 7467
1304 5081
1305 5721
1306 7471
1307 8249
1308 7666
1309 8759
1310 5000
1311 7329
1312 5361
1313 4910
1314 6475
1315 4089
1316 9131
1317 9132
1318 5488
1319 6817
1320 7975
1321 7959
1322 7391
1323 7835
1324 4051
1325 5037
1326 5829
1327 7998
1328 6797
1329 8312
1330 9008
1331 4837
1332 7477
1333 8534
1334 6699
1335 5786
1336 7539
1337 5719
1338 8425
1339 7967
1340 6648
1341 3777
1342 5906
1343 4596
1344 6262
1345 7060
1346 4835
1347 7846
1348 7847
1349 8709
1350 4618
1351 7827
1352 6842
1353 3951
1354 6827
1355 702
1356 746
1357 4828
1358 4302
1359 5239
1360 3307
1361 5555
1362 6378
1363 5809
1364 6215
1365 7741
1366 2895
1367 6969
1368 8660
1369 3643
1370 7520
1371 5094
1372 5173
1373 6097
1374 1573
1375 2123
1376 2124
1377 5428
1378 4681
1379 4928
1380 4884
1381 7775
1382 4636
1383 5264
1384 7863
1385 6302
1386 6680
1387 5522
1388 6235
1389 5933
1390 5922
1391 5592
1392 8259
1393 3956
1394 5433
1395 4560
1396 8243
1397 8241
1398 8164
1399 7771
1400 5554
1401 8959
1402 6988
1403 4615
1404 6012
1405 6841
1406 7801
1407 3506
1408 9075
1409 2813
1410 6987
1411 5063
1412 4979
1413 6612
1414 4073
1415 5570
1416 7855
1417 8951
1418 5910
1419 656
1420 3236
1421 7918
1422 4570
1423 8711
1424 5324
1425 5504
1426 7804
1427 6008
1428 6126
1429 4766
1430 7473
1431 2785
1432 5218
1433 8821
1434 6271
1435 5694
1436 8292
1437 5917
1438 4921
1439 3884
1440 5286
1441 5622
1442 4209
1443 4859
1444 3878
1445 5014
1446 5383
1447 3690
1448 3237
1449 6374
1450 7347
1451 8455
1452 8126
1453 7988
1454 3193
1455 4908
1456 5133
1457 8725
1458 4495
1459 5690
1460 7869
1461 7406
1462 7682
1463 5880
1464 6024
1465 7044
1466 4670
1467 8310
1468 5941
1469 4517
1470 8407
1471 5142
1472 5605
1473 4401
1474 5353
1475 4242
1476 7545
1477 4151
1478 5577
1479 8726
1480 8247
1481 7618
1482 4522
1483 7326
1484 8314
1485 7973
1486 8814
1487 6141
1488 6562
1489 7246
1490 7438
1491 3071
1492 4799
1493 8176
1494 5826
1495 5950
1496 5825
1497 7720
1498 7358
1499 7468
1500 6388
1501 4945
1502 3852
1503 6303
1504 4985
1505 6044
1506 8778
1507 7621
1508 7977
1509 7554
1510 7463
1511 7625
1512 5493
1513 6280
1514 7424
1515 7711
1516 8427
1517 8108
1518 6306
1519 4984
1520 6308
1521 8054
1522 7336
1523 7929
1524 3110
1525 8058
1526 7934
1527 6525
1528 3743
1529 8901
1530 5348
1531 7510
1532 8498
1533 6616
1534 8608
1535 9124
1536 6145
1537 2444
1538 4069
1539 8560
1540 8362
1541 3474
1542 6781
1543 8248
1544 8042
1545 6047
1546 5413
1547 4642
1548 6002
1549 1263
1550 9138
1551 2676
1552 7946
1553 5479
1554 7309
1555 4885
1556 8294
1557 6792
1558 4576
1559 6034
1560 5302
1561 7784
1562 5247
1563 7332
1564 6322
1565 8707
1566 4327
1567 4882
1568 4879
1569 2932
1570 5215
1571 7207
1572 6159
1573 5380
1574 5007
1575 7139
1576 8797
1577 8730
1578 4821
1579 5192
1580 5375
1581 5781
1582 9007
1583 4661
1584 6004
1585 9041
1586 6533
1587 8694
1588 6798
1589 4758
1590 5860
1591 5848
1592 9076
1593 8020
1594 7315
1595 4196
1596 6724
1597 6809
1598 5822
1599 4430
1600 6344
1601 8154
1602 7450
1603 5923
1604 8946
1605 4853
1606 577
1607 3992
1608 8386
1609 1433
1610 6553
1611 6554
1612 6796
1613 5578
1614 8995
1615 8100
1616 8066
1617 5406
1618 5703
1619 5590
1620 3373
1621 4040
1622 7647
1623 8910
1624 415
1625 4824
1626 4710
1627 4845
1628 6640
1629 8763
1630 8239
1631 8682
1632 5013
1633 8244
1634 6223
1635 7873
1636 7122
1637 7123
1638 3912
1639 4988
1640 7712
1641 4909
1642 4585
1643 4200
1644 7507
1645 2025
1646 2032
1647 5924
1648 3476
1649 8943
1650 8431
1651 7465
1652 8805
1653 6013
1654 7503
1655 1613
1656 4283
1657 4284
1658 6962
1659 4791
1660 8426
1661 6086
1662 4204
1663 7340
1664 4520
1665 7231
1666 7789
1667 5028
1668 7810
1669 4398
1670 5216
1671 5800
1672 5256
1673 6439
1674 7826
1675 4019
1676 8693
1677 8064
1678 3911
1679 3538
1680 6164
1681 8973
1682 8853
1683 7544
1684 7063
1685 8537
1686 8713
1687 7703
1688 6148
1689 5898
1690 7140
1691 642
1692 3042
1693 9030
1694 4983
1695 7974
1696 6092
1697 5685
1698 6686
1699 4214
1700 6570
1701 6898
1702 6166
1703 7186
1704 4050
1705 7427
1706 7960
1707 8139
1708 6114
1709 8888
1710 7995
1711 5890
1712 5427
1713 5266
1714 7606
1715 8742
1716 8922
1717 5758
1718 6369
1719 4428
1720 8460
1721 8119
1722 8724
1723 4133
1724 8103
1725 6599
1726 6596
1727 6597
1728 7696
1729 8554
1730 8555
1731 5398
1732 7291
1733 8662
1734 7571
1735 6074
1736 8981
1737 2304
1738 8562
1739 7333
1740 7631
1741 6261
1742 7910
1743 6795
1744 2657
1745 6240
1746 8789
1747 7792
1748 7719
1749 8468
1750 5981
1751 7396
1752 7433
1753 7426
1754 6377
1755 6645
1756 8846
1757 8847
1758 8240
1759 7452
1760 9001
1761 6725
1762 2411
1763 2942
1764 6179
1765 5916
1766 8955
1767 7305
1768 6448
1769 8785
1770 8000
1771 7935
1772 7790
1773 7461
1774 6188
1775 5279
1776 4767
1777 6647
1778 7369
1779 3888
1780 4465
1781 3475
1782 7949
1783 6365
1784 6342
1785 7637
1786 5588
1787 3050
1788 6098
1789 9115
1790 7768
1791 3794
1792 3795
1793 6790
1794 8950
1795 8702
1796 6216
1797 6900
1798 5617
1799 6357
1800 4054
1801 4929
1802 2817
1803 7888
1804 3294
1805 5311
1806 5677
1807 4580
1808 8849
1809 5925
1810 6094
1811 5983
1812 7599
1813 2943
1814 8536
1815 7744
1816 7155
1817 4976
1818 7221
1819 5818
1820 5300
1821 5301
1822 9101
1823 6091
1824 3420
1825 3505
1826 5283
1827 7849
1828 6506
1829 8834
1830 8835
1831 8220
1832 9128
1833 8184
1834 8185
1835 8870
1836 6871
1837 8125
1838 6160
1839 4783
1840 7751
1841 4645
1842 1606
1843 6183
1844 6440
1845 6081
1846 3431
1847 7662
1848 5411
1849 7697
1850 7709
1851 8222
1852 8223
1853 4421
1854 7931
1855 6332
1856 8590
1857 8267
1858 4132
1859 8057
1860 7819
1861 4399
1862 8332
1863 7724
1864 7129
1865 5459
1866 8745
1867 6961
1868 7760
1869 8734
1870 7978
1871 8630
1872 7071
1873 7501
1874 7504
1875 8823
1876 6355
1877 4771
1878 6494
1879 6644
1880 7492
1881 6883
1882 8187
1883 7102
1884 8581
1885 8582
1886 7303
1887 8040
1888 5107
1889 6111
1890 5502
1891 3626
1892 5245
1893 7100
1894 8591
1895 6373
1896 7434
1897 2512
1898 8088
1899 9012
1900 6155
1901 7224
1902 6282
1903 5370
1904 5414
1905 7528
1906 7008
1907 4448
1908 3728
1909 8074
1910 6133
1911 8400
1912 8956
1913 7762
1914 8791
1915 4545
1916 8558
1917 7001
1918 6286
1919 6187
1920 7128
1921 7770
1922 5604
1923 6511
1924 5769
1925 4023
1926 5527
1927 3662
1928 4527
1929 6499
1930 4500
1931 7346
1932 6232
1933 6416
1934 3967
1935 5678
1936 4770
1937 6113
1938 4499
1939 8605
1940 5748
1941 5539
1942 5204
1943 7936
1944 8871
1945 556
1946 1193
1947 8268
1948 8867
1949 9117
1950 7919
1951 5429
1952 7065
1953 6649
1954 6318
1955 7809
1956 7158
1957 8942
1958 8067
1959 7228
1960 8740
1961 7218
1962 5877
1963 4711
1964 8762
1965 5039
1966 8173
1967 4999
1968 5534
1969 8085
1970 7487
1971 7584
1972 8717
1973 7954
1974 8018
1975 7307
1976 5051
1977 7483
1978 6586
1979 8911
1980 5660
1981 9042
1982 7210
1983 8264
1984 7752
1985 7778
1986 8949
1987 6777
1988 8968
1989 7764
1990 9050
1991 9051
1992 7800
1993 5636
1994 8174
1995 7774
1996 4991
1997 7991
1998 2881
1999 8391
2000 6108
2001 6625
2002 8079
2003 7933
2004 8059
2005 7541
2006 8624
2007 3091
2008 5985
2009 6076
2010 6230
2011 6093
2012 8491
2013 4510
2014 5725
2015 4808
2016 5808
2017 8775
2018 8510
2019 6180
2020 501
2021 502
2022 9038
2023 450
2024 8481
2025 8774
2026 7561
2027 8216
2028 7829
2029 6641
2030 433
2031 4433
2032 8490
2033 6310
2034 6437
2035 6736
2036 1832
2037 1833
2038 6516
2039 9066
2040 2277
2041 6489
2042 6269
2043 8758
2044 6925
2045 9084
2046 5998
2047 5958
2048 5308
2049 7828
2050 9073
2051 5567
2052 8991
2053 8790
2054 8149
2055 4168
2056 110
2057 5194
2058 7430
2059 6618
2060 7538
2061 8508
2062 6634
2063 7897
2064 8304
2065 6972
2066 7990
2067 6881
2068 8700
2069 8882
2070 7868
2071 4211
2072 8592
2073 5067
2074 7948
2075 5674
2076 5543
2077 7012
2078 8399
2079 5379
2080 7927
2081 4273
2082 7613
2083 5137
2084 5612
2085 6757
2086 7070
2087 5434
2088 7642
2089 8333
2090 5122
2091 8649
2092 8612
2093 8613
2094 8221
2095 7244
2096 3045
2097 4291
2098 8101
2099 9069
2100 5840
2101 2331
2102 5112
2103 6154
2104 2305
2105 6115
2106 6902
2107 6063
2108 745
2109 925
2110 6277
2111 6045
2112 3400
2113 8535
2114 5819
2115 8960
2116 5750
2117 8423
2118 8843
2119 4559
2120 4519
2121 7144
2122 6671
2123 8499
2124 8872
2125 7727
2126 7912
2127 7601
2128 3443
2129 5155
2130 8547
2131 2340
2132 7758
2133 5870
2134 7086
2135 5176
2136 4650
2137 8424
2138 6046
2139 5005
2140 7499
2141 5699
2142 5871
2143 9040
2144 4380
2145 7535
2146 8396
2147 5572
2148 6345
2149 7989
2150 6726
2151 6542
2152 7668
2153 7551
2154 3149
2155 7815
2156 4981
2157 7874
2158 6234
2159 3306
2160 6821
2161 7530
2162 7457
2163 8452
2164 8784
2165 4616
2166 8794
2167 7133
2168 7318
2169 7806
2170 7902
2171 6080
2172 547
2173 4415
2174 6447
2175 8979
2176 8472
2177 7907
2178 8743
2179 4492
2180 4220
2181 7282
2182 7306
2183 7145
2184 2850
2185 4950
2186 4060
2187 9123
2188 3508
2189 2748
2190 6175
2191 5339
2192 7906
2193 4861
2194 7808
2195 725
2196 5366
2197 6101
2198 5926
2199 8895
2200 4579
2201 6942
2202 5541
2203 1933
2204 8760
2205 3883
2206 8203
2207 657
2208 8708
2209 7753
2210 8145
2211 8904
2212 4418
2213 7374
2214 7050
2215 8398
2216 8188
2217 4382
2218 6405
2219 4018
2220 5618
2221 8997
2222 5637
2223 7076
2224 6924
2225 7456
2226 5177
2227 4866
2228 5884
2229 7745
2230 5528
2231 6270
2232 7676
2233 6184
2234 3937
2235 4078
2236 8889
2237 6341
2238 9116
2239 6870
2240 2883
2241 6307
2242 5815
2243 7557
2244 7103
2245 8944
2246 4423
2247 3946
2248 4203
2249 8848
2250 4842
2251 8416
2252 6313
2253 1934
2254 6515
2255 7407
2256 5656
2257 5409
2258 8055
2259 6237
2260 7893
2261 7733
2262 7734
2263 9070
2264 6733
2265 8383
2266 8935
2267 8664
2268 7791
2269 7505
2270 7969
2271 8087
2272 8984
2273 7578
2274 8710
2275 6116
2276 7266
2277 5181
2278 7636
2279 8677
2280 8857
2281 5576
2282 7179
2283 2784
2284 5293
2285 6811
2286 8010
2287 8735
2288 7923
2289 3188
2290 8011
2291 4810
2292 6462
2293 7343
2294 7068
2295 1615
2296 2542
2297 6062
2298 5820
2299 5087
2300 8701
2301 3649
2302 6082
2303 5187
2304 9098
2305 6238
2306 8584
2307 7728
2308 8966
2309 8545
2310 5202
2311 8954
2312 7928
2313 8625
2314 8579
2315 2059
2316 2060
2317 5017
2318 8611
2319 5186
2320 7375
2321 7573
2322 4592
2323 8412
2324 6850
2325 4272
2326 1665
2327 8246
2328 8017
2329 8976
2330 8936
2331 8322
2332 7062
2333 5084
2334 5478
2335 5242
2336 7241
2337 8798
2338 5591
2339 5589
2340 8065
2341 8716
2342 9082
2343 7655
2344 7867
2345 8980
2346 7523
2347 6691
2348 1434
2349 8578
2350 6899
2351 4420
2352 6054
2353 4141
2354 3807
2355 3808
2356 6412
2357 3399
2358 3044
2359 9010
2360 6244
2361 4947
2362 7882
2363 4840
2364 7757
2365 8883
2366 6049
2367 8385
2368 8983
2369 8948
2370 7268
2371 6395
2372 7223
2373 3062
2374 8456
2375 7182
2376 4223
2377 6264
2378 7413
2379 6474
2380 9090
2381 4179
2382 8116
2383 4850
2384 5778
2385 510
2386 7911
2387 7925
2388 8531
2389 5453
