2349 6202
900 3916
1583 6223
2180 2937
169 2884
613 4287
1506 1070
815 6016
1708 6480
628 7819
821 6284
368 4220
318 9002
203 1453
891 7549
1972 8664
1958 1353
1074 478
1196 6950
2043 4889
113 8428
1082 5750
1116 965
2152 2874
1498 7498
2026 6090
1319 8640
342 848
1625 3957
1494 121
1746 5276
1540 3729
2224 6318
1543 5648
31 1742
1436 6782
1840 2419
1719 4200
629 3930
1622 6403
828 8429
1933 4431
2159 7424
740 7544
1022 5050
1619 8271
882 3788
2308 5058
186 6068
1281 6067
1374 6948
1282 5274
469 5327
2336 4787
1910 3500
985 2735
517 4012
786 4622
1603 4772
1601 3281
2014 1120
2015 133
1687 4139
516 3169
2309 6287
785 7698
878 5431
1602 5579
1315 8466
1485 5882
2149 7880
1149 6034
1028 6035
1532 5931
1518 5785
1903 7433
729 4330
1536 7894
1029 3787
2085 6041
534 7081
782 934
824 6731
76 4242
495 8439
69 6049
143 4968
477 2184
689 7126
580 2978
2205 3738
1345 5491
1223 8233
1222 174
1786 4348
1777 6618
1209 4498
2330 7874
2172 3891
1811 5638
2028 6191
2211 2227
1955 3538
1444 8011
1812 457
1686 5816
2031 7911
752 4721
2225 97
2113 92
254 88
840 4446
1529 89
2376 5119
1312 4966
1406 8884
1057 3515
2105 3237
1907 1082
1908 4385
1658 58
1438 4921
1230 439
1309 2625
2123 6955
599 1132
1473 331
1725 4416
1330 5568
1331 8527
1660 4288
341 3583
1005 5102
693 6271
1004 5719
1157 8090
141 7763
474 7982
2326 6851
472 7382
1278 1352
1414 3457
11 2073
2265 7768
1974 674
566 8901
1062 60
1339 3224
2386 6432
2299 2401
761 1592
1843 6717
1693 1156
1360 1548
1721 544
705 5617
166 3719
413 5612
1889 8623
820 1415
889 6350
961 667
1133 9054
962 3980
1433 1981
1850 2086
942 3454
519 4374
1637 2222
1486 3777
756 5174
940 8634
467 5689
1286 5410
383 6390
2222 7365
2033 5821
1935 8022
2285 3069
361 7928
2314 8617
570 230
1528 694
1019 8864
1638 2047
2102 7266
221 4858
271 5279
1938 6859
1395 1025
1092 4753
1425 2990
1353 4769
1609 6564
1269 4112
1468 4114
1168 4114
816 4488
1098 4904
1502 4119
282 4119
1302 6612
382 6796
1362 1176
1227 6831
1512 3748
2065 1948
185 912
804 6210
907 1452
1338 5141
799 1889
662 5272
1401 1098
548 3380
1384 3772
569 3473
960 1407
717 4709
1711 4707
706 7470
2157 8962
174 416
1564 1249
1071 7067
1140 2629
2027 707
201 3830
219 11
734 2938
344 4233
253 4718
1523 6412
1313 6332
1844 1091
547 2694
252 30
992 6791
1229 6314
1572 8602
695 2915
126 6778
2260 7149
471 7066
1184 6027
1210 3661
1705 975
976 2189
448 1771
977 2380
370 1772
2268 9114
917 5935
1321 274
549 1155
2124 2729
2363 3586
716 4426
1801 3387
1379 2852
1927 3580
145 7307
698 1200
1870 5086
558 4142
2004 2790
1293 2792
2003 3759
2333 5103
2183 3288
1426 1311
456 4604
733 995
245 4606
248 4610
1333 4604
1232 4614
1452 731
244 850
1511 1454
2111 4366
2161 3781
2240 4760
1998 749
2239 8170
1999 8437
1582 1024
587 3198
887 8218
2139 5270
1780 6300
1833 5298
1247 2639
258 6290
241 6546
1800 7965
2143 2429
1612 4088
577 5864
2074 515
805 1831
2125 7751
626 9008
1782 508
546 8137
1254 8124
1034 3046
829 6967
550 5068
1899 7198
918 8178
320 6411
1164 3018
1163 6257
200 3885
1316 6519
671 3638
1495 3531
935 5264
466 7324
218 5258
1402 370
1900 8791
1178 6843
1604 3790
1830 1245
1661 5495
2384 9096
1747 5081
1509 5988
432 156
1510 157
1921 4299
137 9049
2358 7061
1739 5027
332 1618
470 1732
1774 6060
1280 6891
2217 8147
375 1770
2345 4167
1033 3047
1891 192
1394 1041
1803 2213
1804 1465
1853 8355
767 9035
1125 2161
227 8574
1834 7218
2272 1426
758 8325
172 6443
1672 8993
83 7909
2106 4322
2190 229
515 8393
435 7287
286 1830
1642 9022
676 1212
1214 6086
1949 8545
1095 8052
2173 968
2279 7231
2100 6692
1905 554
1873 897
811 4439
1663 4465
424 5604
1361 6970
847 500
1864 3792
110 9063
2344 6325
138 5770
1883 6352
1507 4570
1724 4593
2297 4448
1403 4358
1533 7119
2103 6447
2104 3680
1344 351
1929 7395
1105 8317
607 5680
742 3116
644 6143
673 2798
809 5843
1915 5295
323 4867
572 1850
618 6076
2077 8723
928 5666
884 6853
1065 8508
1753 6296
207 2761
557 5299
215 5586
1636 7915
394 506
843 2357
1021 5074
362 2504
130 6398
1084 1036
2380 710
354 2929
1863 4042
1325 2231
1621 950
796 7508
971 1892
776 3821
1106 1069
2186 6541
1713 6540
1441 3942
1429 8660
480 1292
773 6661
475 1130
512 1
649 2314
142 8716
1294 7766
1094 5574
2264 4011
1723 7322
1399 7606
1702 6892
1505 492
1700 6671
1283 2199
2059 8116
1107 2456
1160 1068
1491 7529
1701 5413
2220 5414
853 209
2053 2358
867 4620
830 8004
2331 1804
1256 80
750 703
1419 8333
1937 8676
1593 4017
2219 8477
1641 2807
958 2949
1738 5490
2061 2325
863 7970
1555 3313
338 7686
2303 654
1599 5529
2118 6109
523 4830
461 6444
565 428
1823 1416
1296 1862
1490 4809
1470 7967
1534 1142
2055 1250
1038 1964
488 3867
139 6872
2195 8538
2117 6246
627 5725
2079 2805
1677 2862
865 7914
946 4808
1517 3657
1431 8403
1597 499
789 562
2090 7863
195 4821
321 103
1541 2689
1002 7603
642 2692
88 651
555 2688
402 1279
2356 7317
1469 5082
554 759
660 325
932 7412
2210 5742
1249 8650
2209 4136
1720 3210
2270 7531
1930 5358
772 4296
1550 8685
1454 8522
1549 6101
514 6679
2312 3343
926 1105
2001 7282
1797 385
337 384
336 391
1385 4305
2116 7679
1252 4393
2013 8943
1652 1684
400 2910
2150 4948
436 1779
1152 6571
1888 2435
1825 2880
529 2581
1826 131
1183 4845
1130 6816
1285 8995
2327 520
2050 8076
1596 602
1328 1723
2162 498
367 8487
2146 6414
2370 8969
358 1222
1059 3314
1977 737
427 2057
55 2907
56 6316
1151 5367
2189 6570
1322 982
1023 2032
397 6875
278 7461
1086 4186
2369 7609
1790 8245
1014 2356
1694 2515
1015 241
412 5766
595 6697
454 637
34 177
1003 9030
501 3581
2064 4586
502 4018
1939 7476
2263 7651
1075 4817
1909 5540
746 2686
1443 5126
1817 1851
455 3404
492 2806
951 4191
594 3278
581 1652
1257 976
1260 3078
1089 4647
1090 5148
1408 3631
1917 7724
1916 271
376 6121
2194 2256
1884 1758
857 1946
1768 5683
721 5782
1775 6975
213 5407
449 8809
1698 5151
895 2132
494 1443
1756 8051
1757 2928
1387 9029
841 7899
576 650
2273 1894
982 3271
1407 493
170 1427
1188 255
1942 4290
1020 3543
6 136
1236 4059
597 1587
1680 6949
987 104
2012 847
38 6050
593 927
1244 4552
723 7464
567 3871
1234 7712
1083 2667
2305 5772
2257 3785
1392 6053
465 1945
1758 4396
1457 1449
614 1448
1684 2469
1624 7160
944 78
374 1790
912 5801
1027 6730
1890 8628
1913 2556
1717 464
795 3804
2321 4827
638 7315
2280 8952
822 5004
947 843
54 5458
864 5296
418 2966
419 2035
652 5028
696 5667
1551 6224
959 2413
1600 8647
192 2881
85 7164
632 6721
2288 6774
819 1086
1215 5717
1380 1424
1216 3974
1295 6916
934 8780
964 509
2130 4421
487 4775
2200 4462
1948 8904
722 6043
423 6617
1306 5200
1648 2721
1077 5736
366 5266
2342 553
1522 6216
688 2017
777 8753
144 2882
12 1522
641 7756
1906 6150
2289 2765
1610 754
1778 8677
879 102
2163 6499
276 8544
623 1272
2371 6190
1611 1386
1204 183
1734 333
1897 839
108 6308
2063 409
225 4146
91 6657
90 6696
2204 2115
848 3236
1326 532
1356 1873
2185 1722
1644 6407
1171 4504
1007 4402
997 1267
913 3008
1488 3293
1487 3294
328 6471
267 8234
405 3641
1530 7565
2069 1582
2070 3898
2300 3257
305 5168
2367 8382
1382 5259
1251 3584
460 4499
1410 260
2254 7155
275 3009
62 309
2252 3453
1737 7167
1122 7379
486 5195
1950 643
1556 545
1947 8454
1946 8065
658 4527
590 3216
1902 7048
24 6256
666 3368
530 2549
531 2238
131 2239
96 2486
1248 992
1067 3005
1350 4324
1810 1670
1001 3361
478 2448
813 2273
497 7922
2364 8736
2060 7545
1552 9090
2365 8237
1449 8092
2160 4581
2098 2762
2099 1574
1041 8829
64 6385
2184 42
2042 3834
297 4705
1986 7759
1987 678
40 803
1455 630
2214 9139
2133 5238
1630 7951
1629 8122
1114 5185
1741 1533
1432 479
730 8855
802 5326
205 6835
2076 7924
2075 4959
1722 197
860 4259
781 6359
500 1113
859 8910
1646 4437
755 662
93 425
165 2168
3 1762
1135 1982
396 1983
204 808
386 813
1327 606
1970 8724
1821 4209
1820 6496
1478 6645
1208 2191
1308 670
1829 6987
635 7639
1535 9116
1862 2496
657 1579
885 7059
364 1123
855 2388
1783 1353
995 7752
953 6809
2245 6704
1012 1111
1013 1112
2078 2546
732 7903
100 6250
1793 6276
1868 6042
1558 3890
1876 5272
2262 6601
842 4725
639 7340
1202 7339
2051 3900
2357 6212
1643 6320
538 6974
1354 4768
262 8489
713 1050
1031 1712
84 2883
1504 6914
2320 1767
1709 7188
1795 7373
1676 978
507 2438
1363 7264
146 6598
768 6354
568 7919
1318 2051
115 5915
817 8058
19 2215
749 6559
1445 2287
61 4344
348 6469
685 2300
322 2927
520 3137
384 5626
1404 4076
266 8010
235 4822
451 761
450 2309
866 7853
808 557
650 6006
265 7133
697 4405
234 1405
453 0
1323 6362
483 5626
373 2723
349 4263
682 3971
1383 4361
355 5448
1054 507
651 9000
818 2968
20 5235
103 8964
1058 4633
129 1560
356 5651
290 1993
293 2216
116 4807
1173 5149
1576 3520
291 5973
159 2547
2192 2821
1802 2553
310 889
452 1439
2021 641
1359 3550
1197 6691
1268 3659
1892 2263
1239 3556
598 5271
350 3264
1048 1991
287 3944
274 4855
1463 4594
510 1051
2020 387
1527 6599
1874 72
1869 5341
1288 3735
1052 8926
1579 1075
1276 7993
1279 6845
797 6518
1201 81
210 2825
1605 3012
259 6291
539 446
540 621
1243 4832
1187 8026
365 2719
1147 1800
1148 3566
1397 1890
1832 4559
1311 313
979 7489
2328 6309
2068 2989
2039 2744
683 2072
1860 8842
814 1888
2199 7007
67 3734
1010 3345
317 8862
1324 5863
894 3
1966 4724
2277 3655
228 591
409 5129
551 1160
206 4039
1733 4149
1647 7717
1755 2947
1879 3077
1464 8672
2062 8576
135 6654
277 1848
459 2769
544 4085
300 1740
150 4779
39 4652
963 6474
154 6085
1366 3691
513 4424
232 7703
2073 5506
49 1773
648 70
445 8985
636 5834
792 5842
52 5128
1194 2025
718 4767
868 7250
1553 8919
1017 335
2385 3801
2131 917
32 5075
417 6421
128 140
1614 4856
1615 5780
433 4593
1678 2335
77 475
1577 2973
909 7493
1695 2651
2171 2652
675 4726
1307 5690
1150 3877
1375 6465
298 5475
2347 5146
890 2640
437 2196
524 6811
1979 7277
1181 4310
1246 1333
1225 7096
2374 8135
810 838
1692 4728
1226 9075
1679 4630
106 2449
1776 7277
1047 6807
1207 5939
561 559
788 6600
1231 3727
968 4090
969 3864
1749 8948
1335 8763
2120 8762
956 6924
1263 8198
164 6953
1131 7907
1657 5963
670 4517
596 1663
1559 8456
1205 4765
1653 3276
1654 699
527 5937
787 3448
2057 8509
1960 48
1767 688
2335 6140
825 668
1759 7060
312 1666
268 3201
1745 2441
1973 1919
1440 7582
1117 5287
1118 5288
778 3650
823 2092
877 7251
892 399
2375 8888
2276 7931
411 4970
1628 2890
208 7482
2008 3139
1926 1784
1887 495
1912 6658
1766 9061
1861 5532
1547 3918
2023 2753
784 7071
783 3015
171 364
2156 8211
1809 9078
2261 5192
1526 7158
2203 8843
1880 5543
2175 6597
1006 8637
1712 3016
948 424
2271 3828
1855 37
1731 6415
485 2516
1369 3183
1544 7859
1856 264
1736 3342
973 2444
1172 6111
1320 7214
2354 1056
2355 4111
1557 3132
269 3115
765 8831
1390 2392
180 918
1770 5767
152 430
983 1157
1085 3246
1299 2855
1537 6668
2339 948
899 2887
2067 7555
1785 3881
1765 903
1822 8209
1301 1654
1415 2838
952 4033
2302 690
1968 2348
1633 1697
281 6531
508 6091
1881 8153
1446 1115
2182 9051
1341 7416
511 7450
392 2706
647 1576
646 3498
904 4464
1138 717
1346 3030
1137 7033
481 4304
852 4653
1228 6396
757 4706
1142 6313
425 3024
619 3108
620 3504
1102 8627
1245 3111
458 6780
1241 2462
1112 3341
1598 117
1640 7407
2317 1417
1271 3570
1586 6600
966 1218
1060 123
285 4248
1224 723
1182 1229
677 3524
681 339
415 1059
288 1730
1386 1060
1420 3499
1448 6997
1389 913
1683 2750
2022 2107
416 1912
1993 6871
1053 1728
1740 3551
588 3634
667 8505
1727 8246
769 2697
770 5147
173 3633
440 7696
80 2743
404 179
439 6356
30 6633
553 263
29 7895
82 5034
23 1785
672 256
601 5846
2284 6592
2283 6591
1121 2089
1904 6369
861 4133
1882 5173
2174 5018
844 837
1589 8423
457 8224
2378 5572
1885 8587
1925 6837
656 8021
1762 799
1474 4184
1377 8360
388 4297
1674 8469
1760 1303
1819 4187
1895 7695
1081 7918
509 5804
2206 9037
2140 3687
1953 2872
114 7100
125 7709
1042 343
1190 122
625 1223
1134 691
447 7785
760 7995
1348 6753
1347 576
2332 2618
929 4819
1458 4367
1581 2538
1103 7278
1176 3836
826 661
1587 7647
1460 6074
1340 4484
1546 4189
1412 967
1479 999
1040 2125
2121 3903
1872 3630
1409 3446
1297 1975
1461 3247
1688 7900
923 6285
1634 1045
1635 1182
1996 438
988 398
886 8638
1639 6784
303 3950
1253 5898
2071 8056
1769 4301
715 116
1177 3665
1568 1899
462 6446
401 5505
1471 6033
1025 1843
1393 6873
690 6804
2259 2633
754 904
327 6507
308 8553
2089 5587
353 2525
704 5587
1919 2531
703 2530
2250 3256
831 7816
1516 3911
2311 5883
2165 6646
316 748
2119 7630
2166 6647
309 8324
2235 3426
687 8406
1069 118
504 7575
1310 7540
1994 8656
311 2586
583 3071
1813 1467
127 1737
493 6061
414 6767
1352 5499
2127 4383
1867 3023
1195 4243
1162 4234
2072 3919
1266 8683
2096 101
2095 8160
1120 695
1434 5120
1174 6278
1355 8670
1169 5814
1707 2286
1051 7854
160 3381
2 429
1153 6829
70 2078
71 1949
182 735
1155 2072
927 8801
1009 2081
605 3177
1080 1659
74 5424
939 1994
967 2297
1055 3171
955 2299
846 3173
584 3174
183 3175
763 8431
986 4081
737 1995
380 9046
499 2077
972 4781
1145 5440
897 4623
736 5778
379 8994
954 115
957 5950
444 6773
775 1921
482 470
574 2772
246 1880
745 1463
97 189
119 6774
325 1729
1265 7749
1 119
123 3994
2087 1979
226 2748
157 7935
343 1747
536 1291
18 1745
176 7290
633 6580
280 6375
196 1745
87 5992
86 765
161 3203
724 1750
1764 7746
1270 1737
324 4803
109 6497
21 1350
60 1755
247 4265
381 5169
156 6607
0 8235
387 8494
191 1817
709 1206
53 8232
236 3362
162 8516
17 6574
5 1088
283 6637
578 6381
950 7195
1924 7698
92 379
104 154
263 6451
941 9050
211 2176
339 2294
42 3328
1193 6420
490 6670
121 2454
181 1757
73 649
16 8735
299 1761
233 1360
168 1360
363 1617
33 7687
197 6083
585 488
2107 4450
615 6769
27 1228
1613 1510
712 841
48 9055
393 2645
391 4413
609 4408
1357 1756
606 4487
1233 4607
922 4409
739 5439
869 3172
63 2235
122 1363
1235 3112
184 2022
1238 6557
140 7920
571 3465
14 6157
15 3973
837 6326
994 2536
8 5703
45 3582
1459 463
134 3363
378 2183
132 8621
46 6485
645 1735
331 7136
1056 4564
407 3671
261 9036
774 9026
622 4255
148 2315
199 403
59 7401
340 4870
2148 2853
306 3296
98 6058
79 6608
220 9121
178 6609
124 1738
408 8895
442 1152
289 8856
521 5459
105 1368
640 8171
187 2266
158 4237
346 1302
209 8741
41 1976
72 1251
78 4218
369 4902
231 2027
9 2031
4 1372
47 406
1061 1646
498 1436
602 6265
473 2058
390 2242
2243 4903
2025 6604
1710 1238
1199 7901
1945 2116
575 8315
188 7271
1521 1538
766 1829
710 5021
790 1834
711 3945
1846 5302
1211 4911
747 8814
1413 4169
910 2768
678 6709
179 5786
2187 1485
51 2030
22 6522
896 1640
741 8695
801 307
833 1057
832 1052
57 8387
37 6258
794 3902
58 8815
167 1620
663 5387
430 3033
464 8186
970 7103
102 7022
463 7496
292 4940
329 5314
330 2052
1212 1241
827 3737
2178 2903
389 8810
719 3456
1699 4190
1732 3458
484 1826
1744 4455
1113 7429
2110 8800
731 1577
315 1234
2034 8409
1799 3784
1542 4386
2134 1244
1262 7473
914 891
603 1026
257 1072
279 616
901 5653
759 4219
2282 6535
1562 4848
1337 7111
2348 6993
2313 6467
1068 3579
728 4140
1119 4141
701 8518
858 319
1144 323
875 336
255 8507
674 5809
1606 2922
1104 3835
1154 3204
149 252
835 4166
836 2098
2306 3960
2058 1067
284 4375
294 43
1656 3921
1044 6236
1666 2690
2246 2472
155 6984
532 6145
2290 3817
2291 2908
1136 7392
1349 2499
874 3157
1865 1080
506 6673
525 6427
1806 8197
659 6324
1574 9100
1088 7432
1626 4135
1500 9011
528 2232
1501 4572
610 4177
611 2877
1591 6322
880 1544
881 2228
505 2870
1779 6428
1381 4571
898 7312
438 2863
612 4276
1570 6792
1569 7867
1016 4130
1914 900
1531 7946
1981 6742
751 456
1560 8383
2215 1715
28 5015
65 2759
998 822
999 1345
2052 6641
1990 875
1991 4417
1839 1535
1161 1690
214 6151
812 3938
2233 919
2044 4179
938 4178
800 3702
2337 4430
669 2796
333 8472
771 3653
692 5519
1645 2669
1936 275
1221 6702
691 4673
1580 346
1784 4216
533 3733
2066 1002
1675 5112
1303 3773
1465 1509
834 4051
133 1537
2164 6700
873 181
1128 828
1039 9019
1623 5131
101 6251
1651 8187
1989 5198
1715 5745
441 1765
1206 7342
2353 1962
1828 1841
256 6624
634 4240
1289 1806
2292 3300
2275 3443
1200 327
230 4156
1951 3863
1439 5554
2046 8424
1798 6622
2325 6989
1026 818
2170 3094
1036 3709
2081 4674
1240 6281
1992 5307
1456 1325
1620 5320
1524 3142
260 831
1298 5030
1835 7997
586 1763
1343 7466
1496 3908
25 380
95 383
264 386
791 655
26 3955
1139 3927
1300 8592
1670 5130
1422 5721
637 5769
556 4356
1573 2500
1132 4052
803 1048
930 4481
1272 6187
223 1354
426 3114
239 2393
1180 585
1752 1230
686 941
591 2696
876 84
357 1295
564 1382
563 6003
177 3552
1954 3158
2144 1361
1608 1493
249 2477
2372 4556
212 362
1761 8667
937 6528
1781 6473
949 3364
503 2739
422 2841
136 6583
1435 2963
1376 2868
1944 22
1941 8737
1097 8618
2030 7274
1096 2705
2382 4015
2381 7161
1091 8139
933 6968
2231 3971
1852 4428
1875 5442
2038 8013
1538 2112
81 3554
916 501
1035 801
302 98
295 1236
579 2333
347 2128
1043 2776
1045 2152
243 1878
582 5373
1956 1720
2237 7242
151 6012
153 434
725 3460
443 1000
1000 987
94 1395
335 6980
2207 3774
1405 5062
1818 4961
1287 6960
66 1812
13 4844
1367 142
1368 141
304 8726
238 9038
2005 1296
1255 7542
762 8214
237 1543
1662 8055
2036 6059
1073 106
1416 3150
1554 3007
920 1647
854 1184
1378 4323
2278 2834
1922 3245
307 5614
2018 1835
1627 1542
1037 1006
2029 283
99 821
621 1174
1129 805
1714 6418
1008 6727
592 4991
2218 2523
314 3651
1934 5423
1480 5598
2108 3568
793 1047
1274 1508
360 3231
217 4857
1750 543
1964 375
2296 2301
2329 5389
1442 6019
1358 8037
89 685
905 4878
2294 3546
1492 3542
1816 5452
2253 7154
1411 4563
604 8142
653 5197
535 6643
1472 1083
1566 1691
764 5374
1388 756
526 7170
661 4275
1290 4352
2193 8528
1115 5737
2091 5273
668 4838
654 2866
664 2439
1304 4129
1967 4738
202 2774
908 7180
1437 4063
1264 4014
1728 920
372 9003
273 2129
301 1607
270 5278
1508 1614
75 2996
1594 895
489 4585
272 4505
421 2332
198 2383
68 9004
1595 1953
748 807
1578 322
2101 5085
111 2296
2132 5193
1831 2974
2016 6861
434 8014
2366 2837
1838 568
2019 225
1659 8824
2177 3021
1373 1710
919 1648
1237 1093
989 6120
856 7815
216 7645
1078 5243
1685 1974
1489 4518
1462 2529
2147 2010
906 4825
2351 184
1203 284
1400 1010
2350 188
1980 6462
1787 6459
43 6351
1923 2782
44 7583
1697 7910
194 2373
738 6567
1585 3048
2197 5558
1563 4438
1049 5679
2136 266
1515 234
974 3185
496 5418
1111 2100
700 2101
240 684
468 2803
476 6124
319 2251
147 6686
616 96
1571 7832
2041 8937
2040 8917
2238 5695
1983 3280
1743 5419
2179 7063
2241 2305
2242 2304
1969 2835
2360 7019
1704 4239
1703 5996
2126 6177
1143 6810
780 1869
2006 1703
1567 69
410 1239
1898 4816
1726 8247
1070 762
1046 860
1189 6433
600 3486
1886 514
2352 4453
2048 1179
2010 1340
2201 245
562 332
2281 871
1428 172
902 7318
2092 7165
2093 7166
2226 2329
2227 4109
2255 7086
2256 5158
428 5393
1735 4163
993 3442
107 4254
911 6272
537 6306
573 2984
965 5223
871 5885
398 7239
1788 8104
1250 8715
2122 7579
2011 2069
352 619
2388 8857
351 1388
1156 6063
429 2980
1669 1297
1336 7128
1179 304
2083 3673
1928 6172
1186 7235
1427 4500
229 8448
2389 2809
118 1950
2307 5057
1878 5907
744 3941
2137 5920
1673 7484
1791 2503
1066 5282
1261 8283
1430 7503
1497 8500
978 4776
2334 7811
175 8920
2045 1546
2138 2425
1499 7787
1099 4199
1877 5460
845 8296
643 9110
1794 3455
2054 8785
1024 560
975 4834
883 6141
50 6779
1943 128
1259 2014
2340 2505
870 3694
1808 2935
112 4589
1847 4389
714 6360
10 4411
446 6907
1146 1558
624 4829
1213 8882
479 2843
406 3305
1076 5875
936 3266
420 6214
222 2583
518 8093
1050 8883
2230 7487
807 5659
522 4377
980 1786
1370 4949
2191 6677
1267 8250
371 8808
1837 5209
120 3332
1503 8701
1011 1418
1617 823
1334 6789
1314 6790
631 2366
1590 6783
1918 810
838 7890
1165 8071
630 8318
1519 7299
839 5955
491 1882
1616 7755
1871 7045
1893 6699
190 3598
359 7386
1273 4520
2318 868
1751 3182
189 6273
1931 3308
1365 1231
1689 6879
1796 4888
1548 7860
2145 6925
1364 5365
931 3544
1484 8957
1087 4893
1561 883
2244 6718
1754 1907
1995 3449
2248 1458
915 8811
1513 79
2135 8006
1372 352
2346 4319
996 2911
2176 2941
2049 6206
1220 1939
655 2416
1275 6038
1175 7904
1607 2288
1284 7449
2037 6026
2319 2361
1123 4853
743 359
559 525
399 1963
377 1724
679 2127
1093 5639
1901 7676
2167 5964
1018 3640
1975 4566
2000 7000
2213 112
2024 7447
1126 317
1772 2609
1690 7537
1063 59
395 3253
1920 4300
1773 2597
1836 5080
981 3602
1763 6266
1959 2026
1807 3411
1859 778
1525 5763
35 8172
1342 7465
7 3910
2128 4309
1101 1320
2056 642
1545 400
1618 3558
2267 417
2338 1680
1277 8379
1896 4941
1141 3367
1453 3107
893 2122
2295 3207
117 3517
2229 4433
163 7475
2181 6828
1539 5293
2080 6174
1706 7285
1351 6205
921 7685
1292 8039
2269 50
2169 599
1842 2913
1418 6819
798 442
1217 5324
541 3080
1957 2722
552 1891
1423 8359
727 4414
1965 5958
726 8206
1291 7992
680 3699
589 3809
1079 4147
251 5267
326 6181
2097 1526
1032 3062
1649 7186
403 800
694 2918
385 7564
1984 5444
1317 1604
2228 4194
1371 316
1592 3887
943 65
2153 861
2158 6126
1198 4733
1911 4617
1742 4977
545 394
753 8176
1030 4687
1963 4529
2266 8468
617 6910
543 83
542 3464
1718 3004
1305 2698
193 4824
2007 7770
2082 4820
224 1032
1988 6102
2247 5965
2304 6092
984 7511
806 3209
1962 1404
2251 3797
1696 1428
2094 7011
1584 4580
1108 5702
1424 686
872 3803
851 3100
2088 6798
1631 405
2361 1893
242 4
1109 4895
1866 7595
1391 5104
1664 9039
665 1188
1848 8344
608 3014
1447 5990
1894 8559
36 8305
699 8702
1632 5244
1124 3996
1064 8778
296 1515
1417 3227
1771 4132
1792 5268
862 6476
2017 7192
945 5916
2032 8979
2359 1387
1127 8546
2343 4247
1932 7926
2223 3761
1824 7902
2249 8450
2379 7385
1476 7459
1477 7308
1466 469
2009 3049
2084 510
1668 5733
1976 9044
250 6005
2151 3895
2341 4810
560 4546
1827 577
2298 2976
2274 6071
1421 3744
1952 5507
2216 5412
2236 5008
1575 3519
1997 5013
1789 5014
334 3299
1978 4228
1716 326
2387 6656
779 6893
313 6588
2212 6267
345 4619
1072 5375
1329 603
1481 3258
1242 4469
1258 3595
2362 5613
1110 5157
702 580
1185 4145
