1736 4649
1554 1647
627 2073
81 5264
961 667
817 1201
2191 2330
1634 1045
1859 5527
2001 1275
1355 2425
663 4696
1042 1804
2152 4727
38 3769
2316 1994
1071 7067
1724 3761
891 529
1744 1128
1420 4105
624 3051
217 612
417 5771
791 655
1239 7011
1370 3308
1459 1361
2199 2906
2228 1743
651 3915
1576 5754
1374 5275
662 5327
1176 3394
1939 2023
414 6767
1606 2922
494 1443
238 2901
2350 188
234 1759
741 680
230 6539
1508 4984
1323 2912
2382 1641
274 1841
697 2287
2129 8196
1334 4846
875 2713
969 269
1296 2902
1298 4469
405 3641
1206 6846
708 1793
503 2739
450 1034
1953 1643
1684 956
78 1396
2274 6626
1688 1318
126 3305
1881 3296
1413 4169
298 429
23 386
163 3095
2105 5949
1399 4881
206 1096
2116 2575
1171 3238
1821 4209
2022 3477
883 1849
2107 4536
1066 5282
1850 6110
255 8507
649 712
167 1620
820 3599
226 3904
1993 6417
2182 964
2126 558
1412 2717
235 6630
1583 941
698 485
838 853
760 3633
1199 2212
1382 1132
2314 4597
2037 3910
1008 3322
672 256
2039 73
525 963
1023 3879
827 5022
1697 116
953 1200
115 1978
1469 1107
900 6999
1536 803
947 2523
363 2065
505 1009
2091 995
1124 6923
1504 2101
978 4241
1739 4337
1483 2939
457 2526
2363 4414
1768 16
514 2864
610 8116
885 2651
490 951
893 2122
1872 167
935 1774
1480 5535
848 1103
686 4826
1428 1102
399 2249
520 3714
1365 3532
1857 2283
1290 4335
968 4103
204 808
1315 1244
315 2708
2335 3049
803 706
1455 1642
360 3561
1082 3408
2193 1531
1145 2554
1207 5101
2236 7386
1381 2934
1975 1442
572 1850
926 2268
140 3385
291 140
1642 528
1029 3787
1841 563
113 2263
633 298
559 758
940 989
477 2184
506 900
280 2522
166 1066
1234 830
752 2221
2115 1152
219 1550
671 3638
2083 1949
1055 1537
2167 880
710 5021
1513 79
1322 52
459 34
1059 1087
1138 2659
1210 4228
1527 1815
1332 6948
1432 8
76 7585
992 75
609 2357
1532 4942
1430 2503
1125 1358
1971 1660
426 4111
2068 8303
93 658
1072 1130
773 1736
1494 6890
1746 5013
138 1186
327 1837
229 1054
894 3
1214 5888
2063 2438
1610 726
1467 2469
2065 1185
1879 392
831 3365
2198 7622
2207 742
903 3717
1285 159
2184 336
644 4195
1777 3240
2044 852
243 331
2325 4965
1601 3281
1582 608
1299 2855
41 3355
1692 2035
2190 229
1738 2000
2045 1624
1933 497
1922 2834
1244 1997
178 1301
1020 3315
1400 1010
258 4126
1416 5611
467 7297
2306 2446
1233 2619
552 1898
2160 1512
936 1033
508 1786
1890 1106
1822 4249
481 4704
313 5903
1137 2476
502 585
1712 2761
117 4461
2264 4011
1701 3862
1022 2594
1807 1109
125 3699
1997 438
1545 1134
435 6903
1301 173
2294 7227
2015 1847
2168 5397
328 3755
2089 3838
1627 2213
415 1059
1678 2897
570 2632
854 273
1817 6913
1482 1377
1930 3168
241 3577
2247 2211
1985 4561
1882 1540
970 1018
2147 1910
1316 3578
394 11
1390 6117
473 2058
472 343
1990 875
1641 4673
504 619
338 2546
2124 274
1983 435
751 289
2057 1163
971 2231
2086 1407
90 3871
254 4581
724 1750
1505 1222
2288 2408
47 110
430 2039
2084 2285
480 6363
1781 8616
445 4153
910 1015
1728 920
1167 330
2135 1241
317 2347
2223 1097
444 118
1662 3540
2134 1649
2151 3895
104 2852
1218 370
966 1218
2178 5537
2008 7143
1414 1811
1918 2926
1502 3806
30 3551
40 3204
2109 1941
2112 3903
1632 2197
231 845
719 480
146 130
1499 535
2359 578
319 559
1216 8159
1575 686
275 790
2375 200
534 7081
1893 3063
276 4435
1980 8782
1005 5102
1409 3816
1275 4217
361 5401
2240 1151
420 5811
1955 4814
2219 4586
1034 2698
800 4052
1769 3593
1314 441
1571 9117
1877 459
2012 113
835 2061
764 6526
1533 538
2370 1977
1624 3575
1599 6700
10 1105
1865 1080
1936 666
2291 5280
718 7314
1456 1147
1888 1776
1987 5511
738 4764
1351 3143
1076 9029
595 1057
1313 3194
1383 5920
1653 3276
521 2165
379 3375
134 3363
39 4652
2254 6581
2098 109
1784 5390
2171 1149
899 2887
730 945
1033 935
923 6285
1691 575
375 3866
1354 5539
1924 6937
455 1890
216 3639
1260 4279
1961 1099
814 722
1018 839
1452 731
362 3089
2021 641
1501 3279
384 5407
1986 4260
303 9087
211 6737
1894 599
1848 6424
548 147
340 6157
1261 4609
1635 750
1286 3206
1577 3733
2189 1936
14 8321
1989 4702
665 1077
2344 2831
566 2068
5 2092
2343 1823
489 1721
264 2254
427 2966
1143 1409
963 826
2366 689
1433 4897
2017 7102
1643 1955
2377 5703
1762 2653
1001 5004
1337 61
0 2524
998 783
2093 2127
1812 4216
1764 2566
771 7563
1753 5552
84 1402
1602 2714
758 4127
766 1829
648 2538
2052 171
2144 4039
1829 1158
1650 3754
860 580
2322 5254
352 1845
1184 601
35 954
2137 3439
2209 3849
635 2205
1580 1074
1597 1156
924 13
199 2315
2102 3663
1010 128
1132 2407
1598 1765
1200 327
2100 4274
377 299
2345 6453
323 2482
63 1929
207 1504
458 812
1942 4290
2185 121
461 1284
1159 3225
1117 4024
1803 3576
1616 1199
1179 2583
691 3347
326 6181
621 1174
1940 507
1774 3291
531 2238
1588 5454
2261 1668
289 1534
2301 6437
870 708
1878 4720
474 3640
6 6010
55 2907
2019 957
511 3964
841 638
279 3373
1968 225
1273 4481
688 4278
535 1083
938 7276
1487 3083
190 635
2118 4302
1547 1460
1740 1713
1604 3790
1835 334
1194 1673
851 2991
1794 996
1224 723
2300 1257
267 3255
172 3252
1838 568
858 319
154 2106
943 781
2251 2037
1875 5442
2205 3554
1226 6887
488 3867
2213 112
605 3177
1618 4746
1392 5839
796 1146
1715 793
124 440
1368 2371
33 1617
7 12
316 63
678 1947
1120 3480
1336 2513
1212 4883
1154 1189
930 2726
1386 1730
1302 4309
1864 3792
1863 3211
2087 2656
1209 5526
2103 1114
228 591
748 807
744 38
1350 5268
1081 6482
694 2812
2311 9020
1947 5741
2088 1478
1717 1265
650 5150
1393 6322
1693 1127
1282 5274
365 2473
314 1167
890 3809
1931 5499
594 700
2004 2418
933 2006
1450 2270
2351 184
636 264
97 1463
964 509
1695 534
249 2267
1578 322
527 1514
630 3035
169 3612
914 891
1539 303
103 5821
432 5667
721 6810
2290 3740
793 4356
1288 3735
329 762
1121 2027
529 2581
1633 3393
2271 5382
2023 2895
826 2935
1694 2515
1073 106
1655 1183
2142 3154
862 1737
1846 3945
1017 146
1197 3845
868 7250
1543 5357
1926 7640
1546 3832
368 1688
696 738
2317 212
1333 4121
311 8273
1820 1125
371 6657
37 3702
1357 1756
2212 1122
95 383
1992 593
385 24
170 1427
2217 3675
497 153
1677 6065
2056 7069
378 15
1492 129
2183 7510
1139 3927
425 1470
171 531
1569 3552
1123 6921
1367 2394
1549 2410
402 463
1666 1126
802 5326
866 517
1052 3257
1957 1469
1721 111
1163 5544
1133 7368
1907 3199
1584 461
156 3080
2245 4182
1880 6330
732 779
986 2072
958 1095
353 1808
1105 1159
221 851
1031 3798
2326 6851
1974 1441
257 1072
2307 3170
1923 8086
1663 5006
2267 3981
164 5633
585 297
2226 565
603 1026
2355 2563
1519 4555
2214 9139
431 3085
476 473
967 4918
1169 1916
634 4240
1842 620
1808 432
442 1013
1389 134
387 3230
1572 346
2081 6884
2024 4134
150 2183
882 1422
812 1025
584 195
1004 1182
366 7924
881 2655
1011 1505
2376 5119
1300 2292
380 980
1795 2997
679 2954
1589 1224
1241 3341
1372 107
865 6785
1405 4732
2327 970
1507 7887
1127 469
2066 8163
917 5935
661 4131
1670 5130
335 6980
2117 4629
2175 3791
774 2253
1858 2317
576 650
2262 1343
567 2878
640 2403
723 1532
1358 1566
214 1136
1801 3387
479 361
666 3368
396 1983
141 598
130 5775
381 125
1935 2
2055 1789
99 3335
213 3839
110 1798
1003 2005
1037 1006
2113 6228
1115 2134
26 3955
1517 2384
1637 4997
453 6680
1130 883
1453 1085
1898 4816
1481 9047
29 7895
284 1060
1673 615
707 3060
2060 1795
1087 4327
1615 4670
676 1188
1189 639
886 7683
1466 1108
1054 3529
2334 4691
336 391
2233 6484
1476 2440
1802 2553
331 1735
2121 5408
1780 6300
717 4794
523 4830
2090 3205
1793 5421
343 1747
1526 595
2026 4715
2234 119
915 2314
2315 872
1077 381
996 1373
1265 1078
946 1017
1509 2327
31 8287
1946 520
339 4457
478 2448
288 339
1238 3693
247 937
2155 3350
1009 2081
927 3356
1391 448
484 2207
713 1768
617 3273
1525 4170
496 1053
128 4526
2259 1587
1036 3676
1786 573
1106 1069
186 6068
1086 2644
1100 421
569 3473
1904 2261
657 3636
887 4292
2030 4256
2014 1120
705 2364
1166 326
908 5118
1421 8804
2122 247
2007 7583
530 2549
2361 395
1538 1708
1745 1117
1089 828
1972 6840
18 6559
256 1187
2145 2370
1661 3654
1917 3136
2172 2172
1040 6886
389 1920
1779 6351
1605 7177
2119 4895
839 230
1558 675
1826 5041
1032 1020
954 115
2244 1113
144 2119
266 7162
1609 6606
1710 246
993 1671
2150 748
2373 6584
1463 5450
2028 611
2158 4025
1335 1317
532 3721
553 263
722 6617
2036 3007
1772 4236
2033 144
1061 1931
682 1076
588 3634
813 1835
341 2920
137 2507
12 1522
1113 8307
68 2428
1612 3392
1050 881
1108 5876
1751 2911
308 1980
980 2088
233 1360
768 5512
1861 4483
808 3517
777 794
551 8658
2272 1842
131 2239
716 3267
2206 772
1063 2053
1427 879
1297 4205
1006 8637
2197 5791
824 6731
512 1
528 4532
1230 439
1458 223
294 4062
1407 493
2331 58
1231 1050
1083 647
2165 6863
236 3362
601 3161
2235 479
1531 5358
599 1820
1258 4583
1716 2204
1660 3758
82 5034
1151 1258
1307 1082
700 7627
433 4665
937 3145
1136 2245
1845 453
1437 4537
2034 625
2379 447
24 6256
1718 1529
21 335
2380 710
1026 3497
659 249
991 4685
2202 7094
1623 3200
2292 1637
321 1296
1752 5378
1548 730
1410 4844
781 1712
1195 4556
1015 1217
628 586
192 988
446 3857
1932 2923
1669 2173
1021 6350
2354 1056
1785 7586
1735 163
2248 3974
873 181
1853 1741
1705 975
607 2967
2320 1767
48 1612
1158 4201
1929 1769
142 1064
1758 4396
564 6818
2181 3337
834 4051
905 4878
1403 704
652 3864
2011 347
2186 4455
2215 3526
499 1927
574 1981
1446 2824
2096 5927
1069 4785
654 2866
1741 1762
2238 1049
127 5142
1311 3994
102 7022
1326 532
2266 5673
2051 1640
147 6686
2106 3270
189 5049
240 2466
2323 1431
1422 2917
2101 2986
1722 197
487 1564
1725 4416
1787 976
1473 5531
2312 9097
50 9116
1834 3709
1221 4077
1442 2447
116 6254
616 96
1530 412
1046 1752
1897 1133
1013 1115
543 83
1827 959
2032 1232
1566 2577
370 1772
302 98
1479 999
1719 1867
1060 4375
1574 6112
465 1859
1308 1071
1809 1179
1756 433
1317 1604
2156 3468
1596 603
1962 504
877 1357
2104 1568
1638 5942
2140 5139
929 6327
578 3536
754 202
364 50
846 3173
976 1771
753 1817
695 1039
1540 6998
1276 6269
2387 158
2195 3013
1131 1150
1128 8228
1895 2166
517 4012
1709 5105
2372 348
1811 3019
918 924
507 2995
4 1372
1909 2274
1434 1366
785 150
1182 1229
179 3874
2153 6296
2220 1621
692 2396
2054 2827
259 6291
1384 1492
533 5695
1174 3718
2046 799
403 2627
1945 4014
1944 4110
2257 2259
1672 132
2005 6252
62 3589
1696 1428
1007 1203
845 378
290 3530
632 6974
1278 1352
469 5273
1457 1491
1112 2462
1051 53
2281 1178
606 17
795 3804
1720 540
1683 3802
581 3075
1886 3747
847 5910
1788 1139
1625 3957
518 2266
1948 1100
239 2393
2203 3119
1760 4187
902 690
1521 1116
441 117
2002 253
2368 2721
1737 632
373 928
655 1560
1681 8851
863 292
1675 4804
1292 1239
1246 659
540 621
1122 5781
772 4162
498 1273
136 364
1651 1073
1232 3507
184 1180
454 637
1706 1507
1991 592
1213 1003
2297 2896
260 831
1934 5889
1419 952
2258 1698
304 3696
1444 2050
1671 878
220 1014
333 938
614 1423
1867 1305
2127 3972
1070 4377
1600 2062
955 3358
1649 892
2110 1165
176 3151
129 5227
639 1424
1228 1197
2302 4961
1590 1656
67 3320
66 1812
1477 2441
1668 5697
1425 294
2136 4322
1263 6314
1359 487
1202 1031
269 2961
1019 898
822 2329
2139 5270
1491 2404
1129 805
1586 1967
1702 21
912 2487
174 416
919 3027
1490 4889
1274 1508
546 636
2003 3759
271 5279
17 1541
466 2951
587 1024
1952 979
1747 5081
2108 870
297 4705
2176 4863
2242 1101
45 3582
818 8165
1388 756
1516 1088
2385 1324
1168 4002
911 3384
118 341
1080 2453
9 1476
2072 3691
493 1892
1111 2100
283 8610
212 362
1963 2255
232 3202
1495 2600
1153 1963
2133 5238
2337 6125
579 425
1833 1141
701 3583
1486 3777
2025 3262
2303 654
1522 2842
278 445
906 4825
2253 1341
281 1893
1306 1143
1341 5215
763 250
1377 778
273 3437
483 4922
1927 172
351 871
437 2590
1408 894
1773 4378
1595 2456
244 850
837 6138
2383 7987
1988 5767
733 1542
1280 1291
1320 2451
2038 390
94 2806
637 5769
1180 3768
1415 2838
309 2548
1914 757
2329 207
1107 4980
1654 10
1303 3415
1025 6936
1291 1371
1999 749
2077 162
2169 1579
1245 396
786 4306
2360 4330
1636 4515
120 1285
2179 65
916 4424
874 3157
740 859
16 1761
1714 868
1424 5076
1832 210
1621 191
1560 2288
1524 1237
344 3361
1423 1172
792 6908
1363 843
989 1093
401 3167
1921 1552
1356 2908
2164 2409
85 3581
515 1008
1503 3218
1910 2735
2061 3258
325 1729
945 4410
159 2547
2166 457
91 2045
1514 643
1949 7726
685 2442
1591 8636
2378 1196
1799 1952
823 1300
34 1302
1750 543
393 3730
482 2390
842 57
1613 1238
1404 1037
2222 3855
2364 261
108 5639
1215 1090
1951 1370
1825 2880
237 4210
1755 3622
419 1888
2224 1748
1094 2252
70 2078
861 3190
1535 5216
2013 1440
1039 1023
1281 6067
1658 6517
1027 5068
1759 2107
2371 267
1205 4765
1160 1068
959 6468
87 1745
1360 1548
524 1028
742 3116
2346 4319
2132 8198
2079 190
1378 3489
765 610
849 6113
1267 1792
2384 3076
2097 3609
1790 1501
1919 4967
2250 1727
1819 1724
1960 699
1629 9083
984 5645
997 1084
1016 5040
1339 3863
1611 1751
1704 137
1749 5393
2328 5560
1874 72
815 2873
1528 2181
816 887
801 2198
1498 8349
111 3613
1110 3776
1854 764
1497 2343
245 1799
983 1157
1287 3099
188 1627
468 684
25 380
1906 7532
1178 2484
398 7239
320 624
1796 5652
1920 1958
265 7004
1173 1198
1 5489
994 6326
1266 1081
1474 3571
1594 6623
1674 8469
456 2414
53 3989
2293 4008
296 560
855 516
1279 3377
2249 3029
2388 876
1984 4828
1529 25
175 6975
1429 315
2252 6358
83 5671
1092 4753
550 7026
165 815
1707 5755
787 148
591 933
974 3185
613 4287
1579 1075
645 236
1783 1266
1998 7379
447 5875
1170 6297
1614 360
1500 4271
1979 1944
1593 7788
960 2380
1782 503
145 6400
1183 333
728 1166
769 1142
1161 1191
1976 3617
879 102
168 1511
2305 2945
1304 7099
1656 4035
191 100
2365 3727
928 6197
1343 4523
2332 355
872 1058
642 7626
270 821
1510 103
909 6346
1964 8819
162 3348
1814 1519
2357 3457
1402 8651
418 5849
956 3766
864 1225
714 6360
931 3543
423 6043
1665 4407
434 1245
789 434
1478 164
1700 2679
612 2378
990 3887
611 4368
1014 2223
2070 1326
2356 7317
1398 5266
1493 7861
2353 3560
253 792
2075 4959
1703 824
2313 8160
901 4123
1570 1123
674 1219
703 1702
310 889
1488 1118
833 1234
1792 1986
1229 4167
287 3674
2318 6854
538 2626
452 1439
1075 6855
1830 6524
72 70
1506 5036
1761 1195
1342 1802
1468 4113
1843 5679
602 5596
161 4392
878 5890
1908 2398
2094 607
596 1663
2341 5826
1515 7
1763 525
1103 4352
2027 707
410 600
1640 1938
1074 1170
2187 3438
622 4693
305 1011
2042 5599
631 1865
668 1881
1511 1454
647 1070
720 4246
516 133
105 1368
395 5765
342 6588
58 1029
577 1000
2006 1703
2231 3971
2263 7084
1727 1208
2324 6441
557 3432
2099 1574
2161 3158
1959 6294
1470 2900
2130 4421
1699 1038
1928 1585
1152 1897
867 2412
593 2956
2074 169
54 3711
1394 1041
857 1868
428 4043
2071 5716
2173 5422
261 1276
8 4
2310 215
788 2690
1271 6165
1816 3289
1449 4357
1248 3666
2128 1193
775 1921
2298 763
2295 4869
2280 1485
388 4297
2031 8681
2120 753
2041 186
798 1169
374 3764
2218 2337
1057 6180
554 2688
2227 1240
1270 465
1198 2536
324 3396
2159 3662
1905 5795
979 2818
1856 5137
1915 1089
429 1810
1436 1611
843 31
1631 182
1645 2669
1860 2012
2029 283
185 912
196 4538
242 5521
2163 1144
464 2913
332 1503
13 5044
218 6136
1804 5470
210 2825
619 1513
501 2282
2296 1711
575 1907
590 3216
1639 6567
2059 1828
1362 1176
537 2318
625 1223
1797 1852
98 4513
1255 1567
1676 4235
2269 835
999 1269
2208 545
2010 7581
739 2235
1140 4562
2284 239
61 3155
1690 6579
807 2021
1223 174
2283 2940
1099 1062
20 2276
1044 352
1889 5717
89 774
1726 8247
1789 232
932 2492
1967 2826
2138 3176
884 2400
1375 3851
1836 3242
1361 5808
44 4843
475 5110
871 1030
1461 1161
187 30
1352 1304
1713 4558
1667 4708
2299 665
355 893
806 2227
92 3995
107 5554
1925 6255
1748 2605
1310 1295
1366 7870
1293 3573
286 3057
1440 2097
2333 3492
1219 288
1686 5833
709 1206
1079 1192
1047 74
1512 279
542 66
1698 5779
1770 3366
985 3500
2276 6566
950 8347
1958 5603
372 5224
1000 987
2256 1173
558 4301
153 3485
981 1001
726 2031
406 6317
77 5436
1981 3757
322 3232
369 546
1806 8197
1030 554
1912 1135
687 291
982 3271
443 1330
1096 2162
977 6878
669 3312
2035 5205
856 890
391 4248
1135 3942
440 376
1730 4252
2348 4152
330 4158
106 1662
1346 3038
1943 2963
194 2373
1551 6698
556 1047
1899 3734
1204 183
1147 905
1045 5320
1869 5341
392 6489
727 2155
2347 7265
2020 387
462 301
492 1734
934 4006
1217 2730
1885 82
1954 5682
407 4653
1259 1917
2225 4451
681 123
1150 3706
1970 2131
1734 4486
2352 2099
734 1523
80 205
829 4901
539 5207
1871 2038
1646 1516
957 3331
227 1538
1798 7573
1188 255
436 2858
2330 2886
177 2365
1118 120
1142 1982
1369 5272
1126 6172
541 48
195 4821
1765 903
1891 192
921 2009
1187 1063
680 1052
1965 2355
69 5246
761 1592
1093 6782
880 1544
1254 2069
737 1995
1048 1991
1162 1145
422 379
2338 978
1102 4784
1345 4812
1439 512
1340 2294
390 3484
549 6
736 2310
1475 7779
1733 494
1743 4787
250 1805
1289 789
2082 1140
1644 2638
604 6407
1828 4855
293 2265
892 838
1485 3410
132 7184
1557 3132
582 3094
2358 3056
1165 3738
1556 2336
2270 2715
735 1022
2149 1517
1520 3459
1581 4397
2260 2086
1585 884
759 3233
660 1878
71 2246
209 4563
182 735
1242 2271
1411 1417
121 1757
1235 3922
2148 981
1272 4622
1555 2243
2192 7848
448 2189
152 2077
762 1227
2157 1124
2177 62
1401 1098
382 840
1395 337
2309 4582
1236 4684
920 1184
962 6835
830 582
205 3411
197 777
1541 1190
386 1007
1220 36
2229 240
948 1162
810 1902
821 0
799 1670
193 3253
181 5773
2047 1040
571 1661
1318 2405
1870 4142
1321 1155
2078 614
1268 1618
1175 6015
300 1740
1349 145
913 1889
756 1194
252 1527
876 84
73 5973
1101 317
1896 4265
1523 1853
784 1129
1824 2968
2180 1181
1396 2289
922 3763
664 513
251 5267
2319 1787
1855 5092
2279 7231
285 2014
306 2465
1568 1899
471 7066
1240 8216
1406 2701
1534 4758
1941 3678
1626 3352
2174 4125
1617 6771
1518 961
1324 4447
1876 4069
853 209
1607 5721
160 1019
1587 2379
1902 1379
615 93
400 2910
2080 6174
1109 4740
1851 1036
2381 3710
2146 874
299 3070
2268 1966
2188 1046
1227 1803
1338 5803
1791 2511
1295 4401
2073 1386
1208 2191
346 1104
1868 2709
941 287
1561 3598
1364 6203
1078 5243
149 2163
1056 248
2131 917
2237 4176
790 2560
513 2018
2342 354
589 6450
413 484
573 7686
1085 3246
451 1035
491 1882
618 3490
2275 6631
1620 3595
376 6387
114 5797
897 4288
1211 4613
1225 6201
292 1395
583 2033
952 5802
907 1452
1622 9079
526 2019
1484 1716
1330 2921
1328 2775
1937 4651
1181 4310
1813 4467
460 1112
561 1012
944 5843
1146 203
1552 1954
779 1092
357 3511
2304 114
222 1004
470 1770
1679 6449
2349 1473
1156 6063
2196 3012
1573 5342
776 3821
794 3902
850 316
1435 9099
690 4701
1995 1846
1592 6492
778 3650
1887 1235
1090 1818
797 1016
65 4975
2204 7554
1562 4848
988 398
1438 2437
2277 3655
699 6912
852 973
349 5091
183 1683
592 154
1982 451
1542 143
1172 2652
79 237
825 1905
2362 389
702 633
1729 105
1088 4323
1454 2847
1196 1065
225 769
1657 3302
629 3930
1344 64
1742 2751
832 2029
545 5481
729 2180
157 6624
1387 1021
2092 1435
1553 3585
295 1236
148 477
215 4998
350 4214
1664 5225
1680 6949
895 1351
2085 3880
658 108
1559 44
1264 56
1805 1160
408 1738
509 1545
202 2774
555 6118
2049 5403
951 1168
1186 1119
151 430
1687 4326
1757 7886
2111 1367
2374 4490
1648 18
1900 2369
1141 798
1903 7433
1451 3419
1823 1416
1884 1758
2143 7498
580 2978
75 2996
1775 888
949 1555
995 1043
1837 1861
704 1525
1847 4250
1049 3460
1462 2529
1269 596
28 1942
1243 767
224 1032
246 2642
2336 8615
2076 468
438 449
743 359
638 329
449 328
1095 1843
1950 40
282 551
987 104
1767 804
562 332
828 3724
59 1042
135 3701
1844 1091
32 3591
2000 622
1283 7387
757 2236
1043 486
486 5195
1892 4259
620 4275
1191 1608
1091 6763
1685 1974
123 2262
1097 1943
653 5197
1002 5847
560 151
1883 4355
623 5277
1852 5822
1818 42
1028 1267
1251 3584
1723 1131
804 2618
122 1363
750 2700
656 5064
1564 1577
1977 5676
2369 5838
2216 3746
747 3286
643 6388
2170 542
412 1732
27 901
904 6295
684 2764
1116 1335
1831 124
2308 281
1776 3248
598 3284
1447 149
689 806
1012 1111
358 76
1969 1518
715 2436
2018 3386
2278 3245
2040 1048
1978 4655
1058 2209
263 4743
667 572
973 1281
1067 1819
1563 1044
1916 533
2255 3651
1647 5488
1866 2990
2016 6861
1471 2044
208 1697
677 3524
608 3014
1659 199
2246 932
1652 4722
2048 2452
180 3614
1800 2738
46 4489
268 2388
1041 2116
158 1630
836 228
547 2042
888 1110
60 1755
2286 678
1862 5078
1771 2942
2221 6732
809 2798
155 1498
1873 897
1464 194
1708 4294
1966 2427
1441 867
2321 2809
277 3697
1956 3469
942 95
1766 2303
896 869
1417 3486
1250 6130
1252 574
1810 9140
1190 122
1193 1153
889 6716
2265 1474
975 3198
397 800
1544 1348
1901 1329
383 1175
424 3340
2367 420
201 2606
2243 1406
2009 7283
1325 6951
568 272
712 841
404 1879
1397 1247
597 820
2273 9
2058 6026
1222 1061
755 3658
2282 1171
101 1475
1619 1346
19 1594
51 6849
746 911
563 5200
495 78
670 4517
1371 3159
706 2678
43 1138
641 3785
1347 4137
1114 3244
2200 1002
2230 4066
1062 5751
1294 344
112 4459
2239 583
348 8277
301 28
2201 245
1711 844
1418 2711
1376 305
248 4610
1565 4207
1309 1154
2162 6729
2114 1445
2043 6128
2125 2493
2064 6786
1496 2552
844 5796
200 3885
439 1570
356 1411
2389 663
463 5777
939 564
11 960
2067 526
1253 1005
1149 1988
1277 442
1148 3374
1489 2718
109 1027
673 489
2 829
1682 557
767 899
1053 1728
2285 3069
1994 2217
1319 1838
2050 2199
318 934
1237 5099
1537 1177
586 1356
312 1666
536 452
2386 2769
347 3197
805 1831
2154 4985
1973 179
770 4270
2232 2043
1849 8103
1426 1481
811 3953
86 2854
1262 462
1608 3933
510 1051
88 8511
2062 8576
869 189
2241 2430
2340 2779
411 2280
749 2781
1628 634
725 562
133 5834
1689 2372
1445 4047
1603 693
1329 6961
565 1390
683 8626
173 7281
1732 3214
2194 718
49 4970
1249 2550
1840 2637
1938 882
898 2703
2141 4829
745 176
1084 2377
1064 2156
3 1260
1348 1595
1815 1706
223 1354
1754 5744
416 1912
421 4737
1038 1964
780 1869
1443 1432
1460 4015
1119 2759
367 8656
22 4324
626 6356
203 1453
840 1298
1185 817
1385 71
600 2740
783 101
36 955
15 4921
57 2782
925 340
143 4968
1331 1862
1203 284
2339 948
819 1086
2123 403
711 609
1465 552
64 1930
485 2516
1177 3703
1155 8186
1164 1957
782 3750
334 1814
2095 4836
1256 544
1567 1693
1778 754
1373 1490
1448 6196
119 1268
74 4146
345 1121
1305 671
544 342
1247 1681
1035 1509
965 1067
693 1500
198 4107
972 1807
272 4036
2053 1164
1431 293
96 2486
1104 4963
1257 4912
1201 1437
337 384
1024 6329
646 3498
1472 7036
409 431
1098 1873
500 1675
56 160
1630 3632
2210 3848
1839 733
100 2179
307 5860
1379 1055
1192 178
522 1286
1134 1782
1996 719
1913 1678
262 1429
1327 606
859 1353
2287 5
1144 323
2289 1079
1068 3127
675 2391
519 3256
1550 1349
354 1148
359 4261
1353 358
1065 813
42 1216
1284 946
2211 1137
52 5128
1911 4138
139 6872
2069 2959
731 8934
1312 1094
1731 3939
1380 423
1157 668
