2254 8877
245 174
813 1046
151 3955
477 1503
291 3576
860 401
607 2033
568 2997
294 2677
1309 7255
935 291
1053 149
2121 2592
879 5211
542 6939
1789 5958
881 1081
637 323
1870 2906
1134 201
1475 2754
1742 6661
2097 3088
2282 6886
1492 2778
1158 7624
1724 2617
49 101
96 4701
347 800
2052 6774
181 4302
473 3216
668 4323
1940 8346
614 1976
21 6758
89 9106
1404 2659
1007 6953
1559 1975
1344 7180
630 2762
1368 1414
601 7689
1620 3895
37 1065
2032 4562
501 1164
988 1916
1924 4855
1450 3723
1804 6649
1502 6727
418 4293
165 284
2170 7531
535 4481
687 3703
2259 6547
1717 4114
578 4123
439 5346
2062 124
2239 1965
2173 5387
1920 3163
1849 8364
51 7609
800 781
778 1086
645 2566
699 5668
2203 7804
1034 3382
1049 7687
2237 1206
1424 4490
1289 3865
1598 4752
338 3419
2036 6644
1680 2966
2004 108
1844 7576
927 4099
1140 8676
1555 5844
448 5614
280 1817
1174 3309
1197 7539
1770 989
114 1296
336 80
1558 7333
1501 6525
1503 4483
1385 797
1369 6061
2248 3715
907 4046
873 2761
1128 1007
802 6708
141 7082
82 943
2354 6206
553 1627
1123 1665
1852 4399
1828 3994
1760 5259
322 911
1911 2907
4 154
2190 3278
672 2107
389 1949
900 8018
1934 4890
2118 8425
562 200
2148 7508
364 1372
1839 5947
1945 7677
997 3884
2209 325
74 3034
435 637
1689 1403
851 5155
665 5955
770 1794
2067 5578
208 4019
720 6419
2374 8821
1665 0
840 3365
1431 7669
1944 2868
1164 458
694 8505
1485 7916
1263 3585
1190 1804
1778 8805
1758 3695
1045 1559
91 3903
293 815
1679 7475
1918 6654
1605 1715
982 851
1802 847
367 2486
1246 2545
155 276
1831 8416
1334 6485
904 5847
1827 7680
1483 2037
1506 7627
1791 1719
2267 8161
125 5207
1999 8616
1110 2361
1813 1879
1377 3058
238 852
327 5103
1340 1632
1752 3183
1878 2414
1590 2815
1880 1606
2092 5805
196 970
478 2712
950 1141
263 1386
1962 7504
1930 3625
414 5921
2154 6626
1970 4007
696 1269
404 1057
703 8170
1754 3025
2298 128
374 5421
2056 8383
2048 1369
1040 1631
2131 1389
1022 7583
1030 5612
955 1974
286 3079
1706 258
1703 1960
1579 3544
436 2733
806 7465
2303 720
1998 7379
790 2508
1884 8441
493 3555
596 801
1728 5721
1065 992
1976 6181
1389 1184
2200 6711
2217 7113
677 2014
2175 6597
1172 5593
180 1128
1067 2266
1514 5398
224 7927
1405 8454
2272 7870
1711 1524
1910 6640
1855 4475
1247 1077
1564 127
1456 2167
572 1407
1026 370
58 5690
312 1835
1547 2072
1224 123
511 55
814 2539
508 2525
262 8167
1793 2900
618 1047
481 3363
1712 6632
561 951
2103 2549
811 4897
1487 4519
109 160
469 6254
484 6797
651 3702
203 3271
1731 6019
1142 3114
1552 4643
661 117
1029 2267
2379 774
1306 2933
624 169
1833 7378
2150 1926
499 2345
1055 2039
47 4652
1394 7510
2289 7279
1013 1466
1693 1867
205 5461
2050 8460
2068 7173
707 8807
325 1534
1183 4487
1073 592
212 3589
197 668
1779 4379
1650 5462
355 1544
525 3434
1792 6943
1387 1681
1337 38
1407 940
1016 4997
288 343
2040 6871
692 8790
583 5365
2115 1263
187 889
1786 364
759 6228
15 619
1239 1893
67 1169
609 333
1500 2777
2201 1777
2339 397
1993 6395
353 8436
991 7420
1563 4474
767 8306
1814 2542
664 562
256 1674
1002 6932
857 1076
1152 4309
1545 5452
396 2289
2114 9138
1191 5098
691 4516
1830 2581
1207 1612
1774 4193
107 5027
2219 1843
2287 5849
1526 297
44 5262
1609 8203
1867 3504
1530 1828
1153 1655
936 5254
2372 6410
202 2099
2085 742
1408 834
1777 3101
595 19
1972 3995
1726 523
483 632
1773 4383
1670 2133
1797 7608
1788 3582
2095 5440
420 8716
824 722
2130 8588
1527 4416
450 463
105 5534
1573 3719
340 358
1091 560
848 6314
799 2963
408 2838
582 5021
2335 8037
1338 5579
2008 8861
210 3902
2225 5366
1575 842
1549 9070
1171 6743
626 4971
1233 1041
219 3230
510 2209
455 596
2108 1282
2016 8887
685 3127
809 2035
1587 7175
417 6674
768 5931
1537 2776
1317 7778
362 2315
350 3023
2307 6148
10 3341
776 978
1032 9022
1707 4392
658 3285
1440 1287
649 3822
1305 1139
1089 1496
897 462
1531 1505
351 1005
86 3706
546 2521
2153 1324
159 3005
9 4968
1674 1830
385 5375
2159 4835
390 2645
1391 6221
2094 6929
830 46
1432 3965
1921 6798
1969 5687
489 6165
891 4413
1946 4496
1281 4596
1210 4358
211 857
1279 4612
487 1747
1222 402
1794 433
411 5443
2214 4037
2389 3626
1892 6322
2381 142
279 1671
958 4949
160 7251
1569 4461
1557 6236
383 4963
2178 3028
823 2922
1296 3805
2165 8082
663 430
261 1660
1638 2268
1721 4864
2375 7691
2146 7315
1423 3919
2229 9041
1103 5277
2305 8483
332 1024
803 153
733 4
71 737
794 659
1370 670
947 595
1762 5126
2318 4688
81 4128
565 2152
1953 3155
1179 3886
376 956
885 3945
2366 1536
531 1849
2345 8660
403 1980
372 1358
1628 7586
90 383
1733 7106
1536 3294
1051 1345
2019 1210
722 2759
1148 6269
2220 1344
1943 3264
2368 4257
1584 3350
1722 1202
2063 6779
220 6560
485 8311
43 1820
1146 2711
470 118
2133 833
844 3896
83 5454
1403 1565
1312 1811
2224 1159
518 2211
1212 804
700 29
1014 205
265 4455
134 8102
1858 7581
1691 2478
324 6686
248 3463
39 3167
1800 6427
1653 3046
138 1986
496 879
1947 7639
760 7206
1090 6433
1871 198
1739 8702
232 1531
2252 6353
2139 1252
1003 8533
1460 8657
738 546
827 3873
2152 8
2371 3147
1109 234
2361 2125
1452 2787
148 6112
2151 3690
2364 5607
40 5530
516 3786
863 1288
28 1560
1686 1940
874 1075
2055 1325
2171 8753
2177 1205
735 6792
2193 7781
1494 3688
520 735
453 4091
1265 7903
742 3013
842 249
204 1931
1434 4005
791 4195
959 1765
1147 1030
746 2179
1075 2957
2299 6606
2258 2903
1070 8769
178 3701
2223 6540
1184 3388
1083 3940
622 5358
1729 4177
989 2148
1881 5948
1227 1857
1465 5354
2077 6998
271 3591
2330 3456
976 4780
956 3313
1678 2546
1708 3065
100 4758
2136 4391
2341 2821
2145 4681
2369 476
1259 4409
999 3416
1936 8694
1064 5733
1388 4126
1633 2469
432 1691
2053 2194
1276 2800
1149 12
460 6834
1429 3125
59 1737
576 887
727 6773
1864 6864
1630 5279
413 5950
2355 6205
24 1542
902 8999
635 2054
1115 8176
356 3543
309 4640
619 3112
2277 7369
392 1683
2199 6710
1634 9066
430 808
592 1201
684 4797
1621 3876
2263 6155
287 455
949 5725
856 395
1862 4558
537 197
1380 5026
1594 6018
1189 8642
864 1618
466 606
1226 3891
1796 2740
1927 5526
1520 498
1699 1450
980 1723
964 3378
1658 8797
2275 3174
1381 5209
868 1520
829 6283
342 2535
1035 3131
1135 2023
1508 2960
3 6138
1298 5200
2269 4722
278 3615
1591 3831
268 81
993 3172
1906 5992
164 2730
591 1145
153 2045
1386 1218
345 8781
2105 1116
1974 242
884 4613
255 671
142 1515
1580 6139
1285 2318
1096 8221
2363 1853
2079 2975
1523 7599
1987 4594
1759 5034
2295 3973
1816 1106
234 2078
79 237
2080 3796
266 1302
1893 1436
688 4911
896 1225
784 3104
2185 121
2026 4100
1723 1203
1273 8679
1606 8584
2049 210
1310 1635
2382 141
1984 4775
1876 9084
2030 8220
1141 8677
1278 6487
1983 6088
2160 7260
2035 4912
1909 4194
88 4350
1651 962
216 257
1929 6415
500 2357
2018 390
673 2027
702 2747
78 658
1001 78
1436 4405
1948 5722
588 2213
1928 4485
1304 470
2387 3883
222 756
730 2895
1121 5886
1421 2994
1216 8409
474 4373
550 1078
259 3779
1406 6859
1062 4047
1692 7476
445 179
1636 5215
796 4112
1416 2376
2285 6522
2196 5877
983 1130
1468 1787
363 1079
602 901
38 4212
305 937
978 6937
230 6847
352 1799
1488 7494
126 327
715 635
471 2552
719 1999
2081 7208
1595 6631
2251 2673
1565 7834
526 1212
515 418
29 1239
940 9137
1150 2030
706 4275
2383 8319
2264 6154
1649 6567
75 145
1905 707
948 1682
1887 193
828 3593
548 8455
428 699
638 2370
1684 3835
258 7
132 116
1307 3627
876 8671
1922 5734
1157 2829
2198 7695
739 1564
1275 4946
741 689
922 172
2090 8154
2210 5747
754 5104
2338 77
2023 2441
816 1144
381 1577
1479 4320
1228 6396
452 2880
16 917
48 5834
701 6804
1640 6372
149 70
1176 2483
1685 3184
928 894
765 2615
657 1027
150 500
2073 1884
1815 8410
60 1740
1198 8008
973 1988
1877 7096
384 189
1219 1264
1879 7491
1515 7963
1464 3123
1811 400
284 339
1099 4463
1968 3126
1270 7965
1182 1059
1524 6670
1627 5811
875 2350
1666 2225
2060 758
861 1417
497 2250
106 2337
2241 6600
2058 4899
1375 6465
1118 776
31 1706
1883 7142
323 1084
2120 8762
1446 1465
1763 5125
2236 933
1365 7265
984 2841
756 6673
966 3524
1756 3121
1886 4370
1635 9067
1080 908
1951 3888
1459 3650
1253 7582
1795 1856
1843 3469
1068 8950
1071 3347
1159 7764
740 5654
2186 2422
1641 6060
498 4387
1024 8501
315 4412
1297 8832
137 1370
540 2769
2380 4944
1439 4965
2309 583
1107 2450
2316 1699
2031 326
1996 1273
1682 2570
169 665
504 3196
275 1608
1188 4788
1599 4545
1366 385
438 1885
2166 4266
20 434
50 2474
331 3693
2349 3236
1451 3722
250 926
2010 4936
1491 5840
566 2403
1747 3022
979 4538
1826 4368
461 4011
1868 6569
1695 8976
711 798
2140 1891
1376 2869
714 3577
206 288
1351 5909
1667 3929
1015 8359
194 4108
1551 5953
924 6081
1469 573
769 1257
1652 8942
603 4437
1245 3111
888 417
1784 3573
326 644
2039 3010
1955 5796
1000 2010
643 4858
1894 5299
1413 1907
1155 1852
634 59
1939 7424
1820 7967
912 2738
1834 7833
13 60
63 1942
1975 884
344 225
1643 7832
2091 8240
2255 7086
1669 9128
792 6717
899 2396
2106 1718
318 431
1766 1622
2377 885
604 5302
1532 1054
2243 4059
218 3597
22 495
1570 6812
1548 2496
2353 435
463 1275
358 594
777 1362
1303 3386
2069 8246
2302 89
908 7743
1610 948
140 1363
1098 574
1647 4828
1835 1432
845 4507
763 6917
2071 6681
1036 7006
434 475
1126 6788
892 6146
1448 95
1937 7032
1332 3467
2182 2682
617 5163
994 437
1235 3024
1832 3071
2301 6976
870 8688
2015 4606
1047 6483
95 7081
1294 3424
2005 4253
298 506
1805 6790
1923 269
1938 289
2104 3224
1484 4518
378 3361
1361 3532
1023 6459
878 8054
341 1789
1283 3280
2317 1561
2098 836
1539 1330
1058 1396
2144 3556
1437 6541
577 7930
1050 104
1857 8719
930 7172
2043 1998
130 748
2212 4068
1919 6762
223 7929
798 4563
554 788
1785 2857
1316 5397
1730 4179
1234 1280
821 9075
36 7273
2025 7512
1571 8350
1384 1440
388 738
640 3914
2029 8882
1529 6551
1175 329
2328 188
1059 3299
674 7505
1396 7451
2246 7542
506 1963
2313 787
1196 2937
920 2575
2017 7316
825 2061
1958 2055
1901 4077
606 4408
1241 3258
547 1894
1771 1416
2327 4660
1264 1889
321 1294
217 4052
1144 6618
914 620
1737 8417
1782 126
1392 3108
1915 2612
276 3100
207 4018
1510 2755
369 3048
1243 5672
932 8633
2322 7287
1399 6596
1683 1763
277 8687
110 1645
1642 348
1980 40
116 1000
1266 6967
281 1784
253 2073
1513 3641
285 1730
1956 2772
612 2249
240 8302
909 3096
693 3175
41 1696
443 2092
1415 356
1229 3669
2072 473
1019 8049
1697 3255
1851 4398
934 515
650 3173
524 8067
122 1952
987 2811
2054 4271
1470 1140
1402 220
2297 2512
605 3289
1798 1753
237 2408
786 4695
961 4906
1111 839
2024 1579
1445 5435
2064 7387
2051 4227
1357 2057
1840 5025
1018 4715
2288 2660
1348 8846
1824 8883
1320 2360
2132 6039
1254 843
1668 3697
1612 6180
2222 2716
1745 1736
2191 4027
2183 5051
1698 1485
1874 6439
295 587
854 1377
424 2917
721 5901
77 3340
732 5609
1225 1803
1801 7344
818 1761
820 374
615 2058
53 3476
120 182
1521 534
782 2392
667 1607
2123 3293
146 805
967 1278
398 5514
1654 5673
2206 3261
2308 6115
184 550
1713 4943
1005 7874
744 4757
557 3662
1395 6240
529 3826
270 4646
1611 7802
1271 5057
1904 8411
587 3395
571 4209
147 4469
752 3254
2082 4009
1061 4753
188 178
1474 6013
815 6928
1675 2631
2266 16
990 1762
2323 6682
444 2438
1710 1487
678 762
1327 5704
1481 3262
1806 6856
129 425
698 493
412 503
2357 7103
329 429
2230 8145
613 1105
1781 5040
1540 2558
951 6071
1009 2243
826 4744
1359 185
1244 1943
407 114
1046 2143
1842 7466
1277 7812
533 2429
1187 1391
975 541
2164 6700
306 75
1512 2401
157 2449
289 5378
359 3916
102 828
872 2032
530 2053
482 1757
1114 3420
1420 7409
1145 6203
1438 4167
2233 7245
2240 7380
1601 603
283 1750
838 4121
1645 552
409 3198
1300 3874
972 2388
1056 4653
113 1966
2235 2343
923 4623
1509 2391
1702 822
560 6290
2320 7836
349 2050
1499 4885
2038 6769
2271 5701
1077 3838
852 1703
379 845
192 2497
793 4883
1031 1004
2117 8426
1467 6343
1554 6920
243 928
395 521
176 28
2014 7462
2061 245
853 1491
1533 7782
641 3730
158 1759
112 1581
712 3176
996 5245
1441 4451
1992 6394
1132 2212
1657 6234
534 638
532 826
683 4796
1790 6970
249 2968
1463 7774
1986 2910
1861 5694
2373 6691
375 166
2162 7905
1088 5771
1352 389
2037 7867
736 2824
1749 2174
2066 1002
670 662
46 4394
1615 585
1600 4250
1681 1082
573 3647
462 949
366 2126
1941 3925
1525 1646
1836 5234
1154 8332
1130 1190
1704 1962
94 3138
441 8907
608 3012
2065 1258
1319 4910
1185 6170
1 3144
1427 2265
1543 6503
788 2051
1462 8128
804 316
269 8305
297 6434
1507 3679
859 3185
866 2911
304 1630
166 772
1817 3607
682 2086
2204 20
710 2482
1593 3595
228 139
1895 7470
1208 6299
1736 3739
1848 2846
1272 6431
1656 5403
2315 6318
87 1983
569 3632
1478 1919
172 8293
1038 5123
1393 6733
191 1087
1546 5453
2034 1995
918 5158
282 5603
1592 7716
296 2699
139 2929
2304 1911
737 2553
2070 8247
2033 4000
108 2297
1982 2873
2009 5845
1258 554
2149 743
519 7703
1433 7648
886 4857
1072 3205
690 7436
871 2026
1498 8407
25 359
1676 3812
1589 2479
1217 102
704 6800
1900 4078
415 1060
2101 1146
1585 7600
1596 8126
1028 5078
190 8637
1314 1738
1995 3731
709 281
319 277
1086 4426
1426 1402
2169 3426
1916 6201
2022 5447
965 5400
729 3666
1829 7766
1903 8468
386 3291
1812 8718
5 1617
179 3243
2086 6252
99 1013
1411 184
475 1143
135 3335
429 2166
901 2959
426 8103
1925 6542
154 2453
1084 2349
755 5713
2234 6116
1321 2551
929 4658
2187 2294
728 1238
771 1831
781 963
1378 8224
2244 1392
2107 8309
2088 5080
952 2270
1326 1388
1410 6302
2124 2919
1443 7985
1775 997
382 3496
1767 2303
1960 8492
968 2606
354 688
1021 5314
2310 8886
1997 1318
919 2153
1705 7519
1740 5933
1057 8537
254 545
1291 6015
575 3441
647 3686
666 2198
437 3109
1872 4267
1673 6855
660 2221
1268 517
401 5134
1495 7181
55 4120
2250 344
805 693
2276 7633
898 1694
1518 2598
2336 3301
1845 8278
1632 1207
1837 1272
957 5050
1550 7434
93 1764
669 915
2020 8670
801 528
32 211
1914 6747
943 1156
7 6291
2238 8565
1390 684
2021 8669
586 5361
2340 2264
2268 6476
72 1513
789 984
2087 2930
1486 7136
1725 7841
1977 1067
538 2908
1727 363
239 1181
2011 628
502 4980
2291 3470
1353 4054
785 2807
1025 1015
380 382
2142 5477
2135 7535
19 1982
1522 7538
723 4901
773 3252
1165 409
2311 8275
2221 8307
440 2718
335 6955
1335 2163
2163 1647
772 599
198 609
2286 8685
214 718
1288 678
1116 1235
1012 1464
215 1507
2347 3642
2242 7550
1873 8740
1274 4655
1315 1463
1994 7355
1541 3964
963 572
273 1841
2127 1735
953 1545
675 863
1220 4401
1614 2446
183 3161
1290 361
1097 7986
514 623
1161 3
468 4146
610 3819
246 1649
1809 1408
1108 3177
2273 7274
2274 2134
807 7997
1237 3084
2093 6036
623 5186
1256 3165
2028 2232
30 4867
307 4941
2384 2938
555 3870
339 5749
1180 2354
590 4804
1178 3885
986 4960
1981 2779
177 6048
1619 1654
758 1666
708 5662
1516 5842
1602 871
2321 7035
1102 3122
954 1861
431 111
1458 3654
705 1234
1193 1134
1753 6699
1213 181
397 2175
503 6519
1807 6857
889 5458
1364 1895
1020 9080
751 7682
1765 5206
2176 6780
56 4226
2194 1410
1206 3431
1081 909
1885 6404
1917 5392
360 6411
903 6233
2245 4610
1803 6648
182 5802
290 558
18 3256
1472 6925
1042 1223
2128 8182
2156 6898
121 1351
1156 2618
2 2252
167 56
1582 3392
371 6787
1978 7158
1342 5557
2096 5439
2265 1474
1644 2159
646 6806
970 4322
2100 4892
713 5651
1355 8916
195 1592
123 3070
1942 5266
1232 5106
1965 4970
387 2165
869 381
1597 6363
2283 725
1345 3832
1299 5544
1214 2040
1908 6245
1719 3764
1466 3644
405 2180
2102 5004
373 9135
1902 7634
1008 3802
2112 8025
926 8280
1989 3281
543 5320
1066 2077
1866 4049
1101 6247
2325 5168
1787 2780
1347 8847
862 7848
1252 4537
718 8330
1581 163
1078 5364
1167 6843
334 803
1379 7660
1700 6971
1137 4593
1455 8072
1991 2561
1261 3242
1659 1
2386 3187
458 63
570 8122
2155 2440
1280 6093
2343 272
1267 8248
1629 5353
2292 1102
118 7304
1519 602
1372 1438
492 4352
549 4956
2184 4620
837 6950
512 5562
2110 3670
1221 2793
1374 6672
231 5041
2351 8117
348 1961
1517 300
1186 4939
1419 8374
320 4679
2006 645
843 232
1738 5631
133 2229
2290 8292
1043 1558
819 1475
1211 4556
1586 3637
1624 3970
490 1755
1751 5404
1401 5059
1882 1886
2260 1967
34 7830
213 2794
1200 7043
1577 696
1631 8437
695 6090
1079 7065
1613 4607
233 2236
905 74
1209 2529
1223 6634
1561 3030
170 1152
1330 3509
1230 1451
1838 4631
766 983
1583 4700
1823 5000
563 1845
1037 5047
867 1570
62 1048
1249 3087
974 5854
750 2097
1082 3847
400 158
442 642
143 518
2256 8314
1027 319
1504 6400
391 2242
945 2410
1480 5230
308 7309
2167 1365
734 7305
459 5010
57 180
2207 5622
464 813
2378 6514
1493 5960
2047 7384
54 1368
0 867
1979 2901
365 1829
2253 7674
1856 2089
2158 6469
1687 499
1973 14
1822 996
631 2132
921 4614
2359 8228
1117 3915
1567 9063
1714 2813
377 459
1764 5118
2000 7442
944 264
66 3051
419 7242
136 2774
593 6062
200 3834
1818 7732
1367 6885
1637 1284
98 1529
1192 5097
1926 3447
1607 8581
1339 5157
1625 5591
625 122
2074 5962
494 1880
1010 5048
1269 1785
1808 1594
762 604
2208 7269
1556 5816
1006 7876
1716 593
410 4600
2319 5547
251 290
2197 1781
528 6944
1383 5769
757 7533
2388 2614
1888 1821
1168 301
1358 7332
985 3266
1360 3329
80 148
1085 2941
1119 2070
328 8652
2332 3602
779 870
406 2394
2180 2639
2181 5322
585 5552
676 6719
589 1690
2012 1658
893 6668
1414 6761
620 3397
1949 4576
1286 7587
655 656
449 6695
2314 791
1323 5861
1891 7317
1318 1991
628 5351
1622 5664
2324 6683
1257 589
1603 708
421 1356
1957 5647
2141 2098
1560 952
846 2547
1251 37
2346 5775
2312 6524
2027 3936
639 2964
1242 1802
264 3570
52 3766
68 3257
465 8252
1626 5739
1639 7526
2083 2369
2294 5402
2296 1092
1354 8812
14 2041
1442 419
368 2743
725 206
2228 1873
131 1316
584 4725
33 1537
597 3904
1302 3029
2360 7651
971 4488
761 3912
1127 2519
2161 6045
536 763
1203 6417
1287 42
317 2924
1346 5888
486 7328
1454 9069
229 6386
780 292
1350 5706
654 7568
2231 1333
594 732
6 53
998 3417
1397 3459
221 3871
1041 2018
960 4859
185 8242
1362 4704
1136 775
749 4389
795 4119
1201 8873
783 2739
567 3809
173 1985
2370 3950
1131 5061
2385 3193
906 5124
2059 3471
627 532
877 4742
1106 971
1295 508
292 1395
2257 3536
1260 1497
1562 3186
310 7959
2211 2201
679 488
1875 5899
1457 5464
621 2335
745 1360
175 663
1054 4424
925 7571
598 5923
1262 3599
850 5154
938 5988
1282 8239
1810 2806
1566 3157
1169 1679
1971 453
880 3394
357 1640
1935 6373
689 1958
1677 4932
1418 2925
1095 6041
2179 2726
260 2127
274 6258
839 410
1236 2168
1143 1299
1576 96
629 1317
887 4384
1417 8990
2116 4953
1447 4905
559 2638
1060 4248
1044 6059
476 5999
1660 8844
1690 2962
2202 4415
199 267
1967 3878
724 1745
545 6324
73 1767
1112 1678
495 988
1166 2763
841 3190
1195 2235
2293 6999
168 3232
1578 796
316 1008
1776 4287
541 5362
2218 1283
1382 1997
26 2855
119 2042
45 1656
1661 1623
1284 6124
1952 5824
653 2154
1604 5825
659 2108
895 6693
1039 2728
833 1684
774 3699
2003 7993
422 7901
1535 5650
2249 6035
11 4590
1255 2002
1663 3356
314 4787
916 412
1572 6549
1373 4619
1125 3803
402 4169
1293 5508
70 315
1954 6281
992 4113
1138 1070
1821 7803
145 2523
2262 6141
1133 7250
747 3366
764 2887
2113 5753
1912 4983
1966 2619
946 1003
1732 6177
2007 7244
2367 6934
241 8312
1093 4581
1313 5727
564 1052
1333 1673
1325 1710
913 1001
1860 1779
1588 7937
1490 4491
1694 203
539 8986
939 3348
611 6478
544 3485
1761 8202
517 6105
2126 1246
115 829
124 1732
1292 6244
1048 1797
1398 7326
1173 1973
2122 7186
849 112
962 6692
35 1421
1688 4004
551 2377
2284 682
1617 875
580 6938
1162 3373
2189 1176
1100 7252
716 1236
808 6317
2365 5608
65 3581
42 641
1248 736
1151 1175
1177 2156
931 1382
832 1406
911 10
1341 2849
416 654
680 1039
488 1870
600 2609
523 6164
2329 2181
574 47
1913 5853
1932 6126
174 3814
472 1229
521 830
933 3362
1961 6462
27 4959
1204 2090
1718 1301
101 1118
303 5205
1435 6778
1528 4484
300 384
1231 522
1853 841
1412 4430
1004 7873
1985 4075
2215 7720
61 2271
423 2995
23 362
2352 6604
1959 6351
480 106
161 5973
1750 442
144 2374
2247 332
1218 8427
1322 5473
425 4064
697 1255
1671 5927
2232 2750
2306 3507
2300 2119
111 3436
301 1698
2172 424
1194 2989
361 416
1160 4231
1238 3465
1422 3396
163 2191
451 2081
162 5766
299 4249
333 4326
1343 6474
457 3894
581 4508
433 474
156 1628
847 7747
2147 48
1328 8125
579 3540
731 6811
1898 1590
2041 6870
1574 5652
1869 50
225 5128
1511 3094
69 236
226 4207
1799 2444
1471 3578
1896 2696
1428 8113
1741 4079
1497 5282
2348 3237
775 799
1122 7312
117 7303
227 119
2045 2320
456 239
656 657
1240 8055
1074 4265
1371 6531
189 5532
1453 3119
2076 6267
671 4232
267 5129
17 1541
1890 3486
1163 457
632 2031
2129 2605
1963 4649
1311 5513
1772 3866
1757 2976
2134 7534
2356 4445
12 4926
2331 5009
2119 6443
2270 3747
753 1101
1990 6969
2078 3645
1933 2189
446 4324
810 5405
882 3385
393 105
2350 5624
1461 4066
644 3296
1854 639
252 3584
302 721
748 610
633 2536
2125 556
1076 2713
831 5566
2326 5169
313 3531
171 342
1846 741
599 8641
858 779
1205 611
104 140
1735 1659
1538 626
2376 5072
2227 754
346 4330
1734 540
127 675
726 1836
1170 3930
337 6612
1696 3502
2334 481
1052 4690
915 4520
1720 1332
1655 1615
797 4012
103 559
2099 835
2188 4824
2109 3661
2168 2574
1199 8388
1780 1439
522 6237
942 247
2089 3327
1534 4510
1988 2488
937 6428
1409 3900
1113 8348
995 1928
2111 5969
890 146
1301 4471
84 5653
1033 134
1743 2865
1648 1517
244 6861
257 1228
209 3393
2226 6185
1400 21
343 4784
977 4158
2192 8667
2084 1915
1324 1036
507 821
1646 7482
652 1816
399 973
491 2886
910 2902
686 255
2046 2666
479 5770
2057 5469
1092 4512
447 3194
1662 2885
1847 9136
981 598
2002 6879
467 3438
556 3612
1744 2717
1783 1733
152 622
1863 615
1505 7432
1336 5382
1349 2230
1865 2834
1568 3817
1329 8391
1899 4903
1841 6224
1608 6641
1664 3601
1496 483
812 5
2213 7939
193 7877
1094 1693
1825 8701
2281 394
1069 9
1181 1379
2216 2511
186 4595
1011 3877
247 5356
1430 7013
330 2577
558 7537
1553 2804
822 6142
636 1021
2337 6793
272 1834
2333 248
1618 1153
883 2237
370 733
1105 850
1542 3893
941 1127
8 3804
1120 2071
509 1551
1950 3882
743 2183
236 1850
1202 6321
1017 630
2195 5835
1356 6899
1748 3864
662 4645
1308 3549
681 723
394 770
1331 8939
2278 7444
2174 441
1907 6757
2344 6763
1746 3359
1897 2123
2001 5726
454 4684
527 7767
552 5304
1473 5741
1482 2038
969 2283
1616 5657
76 3080
1623 1295
817 1786
2042 8179
2143 3778
1931 4166
2362 3530
1889 4364
97 176
427 7924
1425 8768
1672 1040
85 5714
1715 3103
894 1770
917 520
1250 4893
2075 6268
834 8211
1104 1910
1701 6077
92 2809
1087 4402
513 1921
616 4884
717 8322
235 1538
1363 6012
64 849
787 6701
1139 1091
242 5581
1129 6136
1755 5003
1819 8598
1964 4283
1124 1664
2205 7573
1449 2520
311 9119
505 2757
855 6562
1489 3744
1859 6100
128 5484
1063 3521
642 4127
2044 7198
2157 6862
1444 5360
201 5056
648 387
1544 717
1215 6336
1850 2272
2013 2584
865 4981
2342 3979
2261 1112
