0 469
1 1073
2 5614
3 5766
4 4121
5 1920
6 776
7 1752
8 563
9 2062
10 3341
11 1386
12 3291
13 1612
14 211
15 3658
16 1534
17 4452
18 1145
19 1488
20 5522
21 1179
22 1529
23 463
24 4146
25 2081
26 1206
27 4169
28 4911
29 1544
30 2436
31 6077
32 708
33 3576
34 3230
35 501
36 502
37 4134
38 5450
39 1152
40 2289
41 1316
42 473
43 2862
44 4942
45 564
46 532
47 2446
48 2263
49 749
50 3745
51 4577
52 210
53 2092
54 2378
55 1264
56 4283
57 5401
58 1511
59 3718
60 4538
61 23
62 1576
63 1678
64 592
65 2152
66 1942
67 5338
68 4407
69 3730
70 2035
71 4153
72 763
73 148
74 1666
75 484
76 4389
77 2292
78 2437
79 937
80 1843
81 1407
82 327
83 735
84 114
85 3577
86 108
87 293
88 3589
89 360
90 3167
91 1513
92 1881
93 1368
94 5834
95 4265
96 3362
97 792
98 1811
99 1747
100 5580
101 5581
102 5600
103 5265
104 158
105 109
106 1169
107 2460
108 4548
109 149
110 2467
111 2468
112 1993
113 3632
114 75
115 5756
116 1486
117 576
118 577
119 1845
120 3913
121 167
122 2246
123 758
124 315
125 2127
126 8
127 1771
128 1846
129 5433
130 1000
131 1545
132 3822
133 1683
134 526
135 536
136 3722
137 2794
138 607
139 1257
140 17
141 2053
142 2180
143 1154
144 317
145 3591
146 1211
147 1030
148 40
149 462
150 690
151 1360
152 1618
153 1732
154 104
155 1592
156 2209
157 236
158 494
159 5753
160 8002
161 2513
162 1889
163 2990
164 3638
165 4653
166 1302
167 1577
168 4034
169 3179
170 4324
171 890
172 1761
173 4424
174 6236
175 6750
176 245
177 799
178 659
179 3100
180 960
181 143
182 1014
183 1630
184 680
185 3099
186 3965
187 1820
188 1352
189 1425
190 5294
191 1849
192 3289
193 4205
194 4496
195 1697
196 596
197 1002
198 1125
199 675
200 2442
201 1209
202 145
203 871
204 1363
205 769
206 4655
207 1567
208 3119
209 689
210 275
211 3315
212 1737
213 1172
214 816
215 2896
216 4435
217 894
218 839
219 1817
220 1119
221 620
222 1852
223 1192
224 1193
225 1540
226 1356
227 2184
228 1884
229 7671
230 5326
231 1390
232 128
233 3331
234 69
235 1456
236 269
237 4627
238 5106
239 619
240 4652
241 3193
242 3187
243 3754
244 3749
245 3746
246 3432
247 249
248 4798
249 3058
250 3387
251 1507
252 2927
253 3575
254 3013
255 2959
256 2384
257 2051
258 1160
259 1201
260 116
261 2968
262 2204
263 420
264 169
265 904
266 1916
267 4278
268 3023
269 3111
270 790
271 1224
272 602
273 840
274 822
275 6039
276 6038
277 2
278 1378
279 1459
280 2243
281 1051
282 1774
283 772
284 102
285 6322
286 100
287 5833
288 3368
289 437
290 5373
291 160
292 5875
293 206
294 881
295 2061
296 8359
297 1660
298 3083
299 870
300 2189
301 1723
302 5489
303 2522
304 1380
305 3459
306 2372
307 3869
308 3146
309 5464
310 6596
311 7326
312 3593
313 5443
314 7887
315 726
316 5128
317 2631
318 3750
319 678
320 925
321 4293
322 147
323 2440
324 227
325 665
326 932
327 2422
328 6777
329 1022
330 205
331 2206
332 189
333 7315
334 28
335 3207
336 3024
337 3114
338 1647
339 4710
340 1317
341 4172
342 3486
343 3561
344 1084
345 3356
346 5
347 5560
348 624
349 1012
350 1500
351 2329
352 1116
353 1482
354 3639
355 921
356 1483
357 3173
358 225
359 8401
360 1128
361 3015
362 5185
363 215
364 2227
365 1831
366 2507
367 263
368 1195
369 639
370 2983
371 5892
372 499
373 251
374 2574
375 1276
376 2653
377 3764
378 1838
379 1594
380 5091
381 5553
382 3544
383 6139
384 5044
385 1866
386 2769
387 2069
388 68
389 5891
390 4613
391 560
392 1893
393 684
394 431
395 3625
396 1750
397 612
398 6248
399 4562
400 1886
401 3676
402 70
403 200
404 348
405 1995
406 2995
407 4015
408 3737
409 42
410 3738
411 530
412 439
413 806
414 3178
415 409
416 4455
417 2271
418 879
419 4609
420 2523
421 2045
422 115
423 296
424 4329
425 3526
426 5728
427 5021
428 5430
429 3296
430 5415
431 3234
432 5514
433 4588
434 1791
435 226
436 5172
437 3946
438 1617
439 628
440 2086
441 4279
442 2462
443 2315
444 3240
445 5195
446 452
447 418
448 4881
449 4882
450 22
451 1713
452 2072
453 903
454 5484
455 1260
456 3860
457 3657
458 2321
459 151
460 1164
461 3729
462 288
463 2313
464 7121
465 4933
466 3904
467 117
468 1291
469 1533
470 342
471 1252
472 6256
473 1829
474 3373
475 3161
476 305
477 938
478 2357
479 3698
480 1873
481 1841
482 1146
483 1055
484 7346
485 7345
486 7153
487 1267
488 855
489 4397
490 2752
491 2750
492 3333
493 3385
494 2897
495 2964
496 2392
497 5948
498 2027
499 5672
500 106
501 8455
502 7660
503 2441
504 585
505 6271
506 4254
507 5601
508 3154
509 528
510 2779
511 3964
512 3196
513 1802
514 2759
515 3007
516 3588
517 3053
518 4107
519 1655
520 1525
521 497
522 1282
523 1283
524 3520
525 5007
526 5870
527 5871
528 3159
529 228
530 3361
531 154
532 3354
533 3433
534 1787
535 1784
536 16
537 6744
538 2732
539 5374
540 845
541 2290
542 4246
543 4250
544 2388
545 6199
546 3043
547 7198
548 2967
549 8461
550 4150
551 1788
552 6128
553 2270
554 981
555 1552
556 2225
557 3175
558 7209
559 1433
560 1434
561 140
562 1439
563 3177
564 2175
565 3747
566 110
567 180
568 926
569 146
570 537
571 144
572 2935
573 5735
574 250
575 4195
576 4708
577 1740
578 1269
579 3755
580 4684
581 19
582 5795
583 2301
584 1908
585 5652
586 4552
587 3078
588 2077
589 6418
590 3363
591 119
592 3070
593 3880
594 934
595 589
596 3830
597 3785
598 5088
599 8561
600 6553
601 7553
602 546
603 2374
604 2762
605 1719
606 2191
607 1912
608 655
609 1041
610 6584
611 6583
612 6306
613 3686
614 2235
615 1040
616 1515
617 2074
618 2213
619 4470
620 5733
621 1770
622 2658
623 7070
624 3457
625 2549
626 495
627 412
628 3421
629 3420
630 540
631 304
632 2840
633 1517
634 5638
635 8687
636 3348
637 1888
638 2033
639 5277
640 1656
641 356
642 246
643 831
644 255
645 4425
646 3016
647 952
648 3080
649 2393
650 3464
651 2449
652 927
653 1767
654 1785
655 3318
656 3321
657 666
658 3769
659 3376
660 803
661 1293
662 7669
663 204
664 1484
665 1480
666 5743
667 1541
668 1789
669 3758
670 4124
671 2078
672 2394
673 1071
674 656
675 657
676 898
677 3299
678 2039
679 7143
680 5977
681 928
682 2198
683 4253
684 2028
685 600
686 323
687 2560
688 1093
689 533
690 2654
691 2773
692 3666
693 5377
694 3649
695 3569
696 1808
697 2056
698 798
699 5068
700 565
701 5485
702 857
703 2151
704 443
705 3582
706 2268
707 1832
708 1833
709 2566
710 1072
711 1086
712 4857
713 5427
714 2211
715 3255
716 4322
717 4591
718 4592
719 3715
720 7495
721 5408
722 4287
723 3787
724 3194
725 1745
726 4986
727 2182
728 2183
729 1298
730 4458
731 1168
732 2043
733 1653
734 4724
735 8135
736 1054
737 4722
738 2031
739 1241
740 935
741 4746
742 1296
743 301
744 7279
745 232
746 2638
747 3271
748 498
749 5849
750 3442
751 5179
752 6257
753 8277
754 5829
755 6355
756 6239
757 3009
758 3554
759 941
760 6914
761 3436
762 1376
763 1150
764 781
765 1142
766 3790
767 8481
768 5229
769 1949
770 1537
771 3757
772 1668
773 1850
774 6314
775 2348
776 384
777 5785
778 1926
779 966
780 7195
781 7186
782 3232
783 1718
784 6618
785 488
786 487
787 6668
788 1757
789 1755
790 544
791 2073
792 2497
793 168
794 1214
795 3094
796 3394
797 5481
798 482
799 3884
800 2778
801 479
802 1110
803 1748
804 2350
805 65
806 7303
807 3503
808 6
809 3955
810 6165
811 945
812 5812
813 2600
814 5498
815 4077
816 1724
817 1532
818 668
819 2052
820 1931
821 2171
822 2157
823 6135
824 779
825 2642
826 8550
827 2134
828 5985
829 2147
830 56
831 8989
832 3419
833 4743
834 6887
835 1933
836 1934
837 673
838 1954
839 7626
840 2431
841 8891
842 223
843 300
844 824
845 1173
846 4162
847 1623
848 1622
849 2234
850 4894
851 2791
852 1047
853 1427
854 872
855 964
856 2170
857 6386
858 4686
859 3359
860 4792
861 3804
862 3050
863 4
864 3145
865 6002
866 2884
867 2168
868 1816
869 1246
870 4027
871 3506
872 8611
873 1620
874 1082
875 380
876 5442
877 1786
878 3590
879 440
880 2604
881 2407
882 4640
883 6285
884 6732
885 2412
886 3199
887 365
888 7071
889 2154
890 3290
891 4855
892 4856
893 7522
894 1065
895 1240
896 5402
897 896
898 8090
899 3641
900 3238
901 3640
902 5300
903 5301
904 1758
905 793
906 3832
907 622
908 908
909 909
910 679
911 1676
912 1870
913 1527
914 267
915 3673
916 4323
917 5251
918 386
919 1430
920 2287
921 916
922 2963
923 4387
924 2059
925 2060
926 3180
927 31
928 2266
929 24
930 5836
931 5835
932 5034
933 2761
934 1330
935 319
936 3258
937 6202
938 2342
939 455
940 83
941 3304
942 686
943 2273
944 2575
945 1379
946 2697
947 292
948 2304
949 2305
950 8167
951 4764
952 3793
953 294
954 5200
955 681
956 6293
957 586
958 739
959 2368
960 5994
961 2784
962 2785
963 1643
964 2352
965 3907
966 2132
967 1909
968 4136
969 4844
970 5598
971 4108
972 1772
973 1312
974 264
975 2526
976 383
977 4201
978 5754
979 1749
980 1680
981 2233
982 1684
983 2740
984 1556
985 3622
986 742
987 2886
988 4022
989 5243
990 5244
991 8334
992 7726
993 6123
994 2205
995 5014
996 2199
997 2272
998 7182
999 3505
1000 1372
1001 5254
1002 247
1003 2944
1004 3044
1005 3045
1006 5786
1007 8468
1008 2068
1009 3530
1010 7590
1011 767
1012 7455
1013 7456
1014 9075
1015 7096
1016 1598
1017 3483
1018 2558
1019 4876
1020 4872
1021 8826
1022 5832
1023 4861
1024 4497
1025 4403
1026 3000
1027 6219
1028 1463
1029 379
1030 2509
1031 1292
1032 2556
1033 4093
1034 1743
1035 2542
1036 6817
1037 1189
1038 1190
1039 6390
1040 4187
1041 638
1042 2239
1043 6940
1044 4817
1045 445
1046 2807
1047 3748
1048 8638
1049 3384
1050 762
1051 6861
1052 4565
1053 1105
1054 552
1055 1442
1056 3468
1057 8480
1058 199
1059 1075
1060 2230
1061 2941
1062 5410
1063 6412
1064 753
1065 8193
1066 6752
1067 818
1068 3257
1069 1503
1070 5505
1071 5130
1072 329
1073 61
1074 4599
1075 8074
1076 733
1077 4749
1078 4680
1079 3973
1080 446
1081 4068
1082 1701
1083 438
1084 5894
1085 1491
1086 3525
1087 6918
1088 5416
1089 4596
1090 8239
1091 4936
1092 2343
1093 6951
1094 7814
1095 6531
1096 2030
1097 2025
1098 2396
1099 3090
1100 3091
1101 5683
1102 1760
1103 5292
1104 2581
1105 7805
1106 6349
1107 8537
1108 274
1109 1746
1110 2012
1111 377
1112 4378
1113 5131
1114 7505
1115 7504
1116 4468
1117 3266
1118 7871
1119 800
1120 5882
1121 2536
1122 2284
1123 3293
1124 3294
1125 2346
1126 112
1127 5154
1128 5973
1129 2090
1130 7794
1131 1227
1132 948
1133 2309
1134 137
1135 118
1136 234
1137 5944
1138 3969
1139 1564
1140 5610
1141 7947
1142 49
1143 2194
1144 5732
1145 595
1146 3256
1147 6450
1148 7252
1149 1729
1150 4579
1151 6641
1152 6109
1153 2276
1154 2891
1155 1095
1156 4718
1157 5816
1158 3399
1159 3400
1160 2931
1161 1645
1162 961
1163 745
1164 6706
1165 1008
1166 3794
1167 3795
1168 3012
1169 3262
1170 8154
1171 2728
1172 6062
1173 6082
1174 422
1175 423
1176 5293
1177 3551
1178 3807
1179 3808
1180 853
1181 5719
1182 992
1183 1454
1184 3992
1185 3993
1186 994
1187 6287
1188 3938
1189 7369
1190 2232
1191 4132
1192 4133
1193 152
1194 5549
1195 3508
1196 3509
1197 2883
1198 7164
1199 6917
1200 2345
1201 8469
1202 1129
1203 2857
1204 775
1205 3026
1206 1448
1207 5102
1208 7001
1209 303
1210 4534
1211 1882
1212 203
1213 4784
1214 5285
1215 7804
1216 4415
1217 7167
1218 164
1219 2915
1220 8101
1221 2601
1222 4140
1223 4141
1224 2238
1225 7535
1226 7534
1227 4713
1228 2979
1229 4010
1230 7459
1231 1219
1232 5063
1233 4240
1234 2079
1235 2291
1236 3786
1237 3976
1238 2459
1239 4272
1240 4273
1241 7863
1242 2500
1243 4252
1244 555
1245 5729
1246 5745
1247 55
1248 1538
1249 609
1250 5905
1251 5906
1252 4770
1253 4771
1254 219
1255 2787
1256 6272
1257 3894
1258 4671
1259 2228
1260 4595
1261 1079
1262 7959
1263 5312
1264 610
1265 4285
1266 3147
1267 2341
1268 1338
1269 545
1270 52
1271 2869
1272 7807
1273 7808
1274 4474
1275 9125
1276 3449
1277 2776
1278 162
1279 5783
1280 7183
1281 1181
1282 1763
1283 8177
1284 2364
1285 6440
1286 414
1287 3195
1288 5194
1289 2700
1290 3727
1291 6715
1292 5468
1293 4745
1294 2259
1295 1130
1296 6049
1297 8240
1298 4797
1299 1587
1300 417
1301 7088
1302 3543
1303 2726
1304 4714
1305 6786
1306 2267
1307 4038
1308 1076
1309 2013
1310 7248
1311 8016
1312 4177
1313 1962
1314 541
1315 1243
1316 5218
1317 5219
1318 2812
1319 8892
1320 6557
1321 8918
1322 6885
1323 7112
1324 970
1325 3831
1326 8774
1327 567
1328 3548
1329 3547
1330 8953
1331 825
1332 76
1333 3861
1334 844
1335 4137
1336 649
1337 2172
1338 7538
1339 7587
1340 1025
1341 2037
1342 7255
1343 1024
1344 3998
1345 4466
1346 5945
1347 7846
1348 7847
1349 8966
1350 8200
1351 3936
1352 5383
1353 3008
1354 3107
1355 2928
1356 8368
1357 398
1358 3302
1359 614
1360 6686
1361 475
1362 111
1363 2696
1364 6346
1365 4698
1366 4832
1367 5413
1368 5414
1369 3222
1370 1297
1371 5793
1372 6208
1373 442
1374 3908
1375 5332
1376 6724
1377 5931
1378 6035
1379 3512
1380 4461
1381 2075
1382 2834
1383 252
1384 8072
1385 350
1386 2486
1387 5245
1388 4316
1389 6321
1390 3216
1391 297
1392 768
1393 1716
1394 4160
1395 5480
1396 3036
1397 3037
1398 5542
1399 5543
1400 5578
1401 3480
1402 873
1403 2482
1404 1997
1405 3398
1406 4178
1407 5440
1408 5439
1409 6499
1410 8029
1411 1834
1412 7786
1413 1823
1414 1294
1415 3744
1416 2335
1417 4679
1418 7874
1419 7873
1420 4057
1421 318
1422 3979
1423 266
1424 265
1425 915
1426 7533
1427 6806
1428 977
1429 4257
1430 7442
1431 5636
1432 5637
1433 6247
1434 6487
1435 29
1436 2796
1437 2955
1438 2505
1439 2802
1440 3796
1441 7208
1442 2913
1443 744
1444 43
1445 3558
1446 7458
1447 8569
1448 6587
1449 5155
1450 1570
1451 5763
1452 3767
1453 1530
1454 5608
1455 2231
1456 3945
1457 9046
1458 7277
1459 5777
1460 5655
1461 5656
1462 2391
1463 8647
1464 5022
1465 1644
1466 3629
1467 5886
1468 9020
1469 2966
1470 6966
1471 3967
1472 1781
1473 2041
1474 6034
1475 6656
1476 5674
1477 5675
1478 3565
1479 3566
1480 2434
1481 2499
1482 5677
1483 5678
1484 4386
1485 3403
1486 8136
1487 6046
1488 6047
1489 3248
1490 6054
1491 6055
1492 26
1493 8176
1494 7687
1495 7901
1496 4974
1497 4869
1498 7110
1499 7788
1500 4074
1501 5556
1502 11
1503 1728
1504 4586
1505 130
1506 8716
1507 4249
1508 603
1509 2477
1510 7175
1511 1094
1512 4385
1513 387
1514 6911
1515 5337
1516 7967
1517 7803
1518 1738
1519 392
1520 393
1521 634
1522 415
1523 3978
1524 6707
1525 2545
1526 4193
1527 2214
1528 3021
1529 4179
1530 1485
1531 485
1532 1735
1533 8756
1534 7489
1535 8910
1536 812
1537 2809
1538 3440
1539 741
1540 3672
1541 531
1542 5558
1543 1344
1544 1922
1545 6447
1546 6448
1547 6622
1548 954
1549 7827
1550 7828
1551 2722
1552 2400
1553 5884
1554 6561
1555 4875
1556 8705
1557 6494
1558 6495
1559 4543
1560 3453
1561 1917
1562 7286
1563 3295
1564 1907
1565 8439
1566 3675
1567 2518
1568 6857
1569 7044
1570 4110
1571 9103
1572 4890
1573 919
1574 6335
1575 1798
1576 8652
1577 3592
1578 4873
1579 3406
1580 2914
1581 3868
1582 5148
1583 6112
1584 7923
1585 1311
1586 1321
1587 5679
1588 7741
1589 6229
1590 5227
1591 4727
1592 7765
1593 289
1594 6441
1595 3142
1596 3586
1597 5668
1598 6041
1599 3532
1600 3501
1601 1165
1602 7066
1603 7067
1604 7697
1605 2298
1606 6515
1607 6516
1608 7050
1609 7051
1610 6760
1611 9124
1612 6458
1613 2535
1614 2327
1615 4831
1616 4736
1617 4226
1618 6663
1619 7888
1620 2082
1621 8759
1622 8736
1623 3773
1624 2910
1625 953
1626 2907
1627 2501
1628 8506
1629 7204
1630 4217
1631 7839
1632 3995
1633 819
1634 8119
1635 8118
1636 7122
1637 7123
1638 984
1639 1965
1640 7980
1641 3217
1642 2765
1643 7384
1644 5362
1645 841
1646 642
1647 3609
1648 3697
1649 4987
1650 7132
1651 6869
1652 6719
1653 3431
1654 2174
1655 9084
1656 5819
1657 5818
1658 2882
1659 1180
1660 7599
1661 5242
1662 4018
1663 1470
1664 2622
1665 6912
1666 357
1667 6435
1668 8106
1669 2026
1670 5827
1671 7514
1672 2813
1673 3643
1674 8069
1675 7333
1676 3805
1677 5234
1678 704
1679 7951
1680 8819
1681 8825
1682 8827
1683 8976
1684 6100
1685 337
1686 3572
1687 7069
1688 7656
1689 2401
1690 3888
1691 6230
1692 6088
1693 2741
1694 9076
1695 5991
1696 6568
1697 2997
1698 6672
1699 4555
1700 1019
1701 3259
1702 2457
1703 7374
1704 7375
1705 7927
1706 4514
1707 1531
1708 7781
1709 7850
1710 8389
1711 3011
1712 6753
1713 2251
1714 6984
1715 8130
1716 285
1717 7600
1718 8197
1719 5256
1720 7089
1721 5877
1722 7406
1723 7407
1724 6224
1725 2054
1726 6300
1727 2241
1728 2865
1729 7437
1730 7438
1731 3353
1732 8963
1733 3610
1734 7412
1735 5844
1736 7727
1737 7728
1738 740
1739 5692
1740 5418
1741 4796
1742 6535
1743 5926
1744 7766
1745 4863
1746 5730
1747 6408
1748 8191
1749 1449
1750 64
1751 5249
1752 6590
1753 3123
1754 3655
1755 4277
1756 8846
1757 8847
1758 6660
1759 7452
1760 7453
1761 3316
1762 4181
1763 3774
1764 5649
1765 1050
1766 9116
1767 7373
1768 7733
1769 7734
1770 7508
1771 887
1772 8217
1773 9118
1774 8853
1775 852
1776 6104
1777 519
1778 271
1779 2455
1780 2611
1781 2461
1782 254
1783 2463
1784 2011
1785 8247
1786 1919
1787 335
1788 1147
1789 2200
1790 7357
1791 7744
1792 7745
1793 997
1794 1295
1795 8824
1796 6344
1797 6396
1798 3681
1799 6775
1800 5736
1801 627
1802 7801
1803 7757
1804 7758
1805 7770
1806 7771
1807 2262
1808 8848
1809 2221
1810 8151
1811 2614
1812 5846
1813 4760
1814 7799
1815 7800
1816 7724
1817 2880
1818 4284
1819 7457
1820 8220
1821 8221
1822 7617
1823 6113
1824 8425
1825 1263
1826 2274
1827 7849
1828 3378
1829 8834
1830 8835
1831 8581
1832 8582
1833 7868
1834 7869
1835 1635
1836 5409
1837 3671
1838 6218
1839 8893
1840 6868
1841 4501
1842 4502
1843 3939
1844 4995
1845 6655
1846 1428
1847 4583
1848 7917
1849 8598
1850 2960
1851 7911
1852 7912
1853 4070
1854 171
1855 6797
1856 8364
1857 8010
1858 8011
1859 6939
1860 8650
1861 7960
1862 4642
1863 3559
1864 4558
1865 846
1866 5867
1867 8526
1868 8087
1869 8088
1870 4747
1871 6343
1872 8889
1873 4984
1874 5160
1875 8042
1876 4422
1877 8184
1878 8185
1879 1225
1880 1226
1881 2613
1882 2612
1883 6765
1884 3652
1885 3653
1886 6554
1887 1504
1888 5085
1889 5072
1890 363
1891 7025
1892 8949
1893 5501
1894 6835
1895 7454
1896 7128
1897 8222
1898 8223
1899 1744
1900 6640
1901 6105
1902 1596
1903 1270
1904 8267
1905 8268
1906 8750
1907 5406
1908 6986
1909 782
1910 3487
1911 7381
1912 9117
1913 25
1914 7041
1915 4824
1916 4519
1917 4446
1918 3339
1919 5368
1920 8385
1921 8386
1922 2777
1923 4120
1924 307
1925 172
1926 507
1927 1522
1928 2975
1929 2568
1930 6266
1931 8271
1932 7005
1933 6076
1934 4492
1935 8423
1936 8424
1937 3864
1938 2987
1939 7006
1940 8302
1941 2528
1942 3940
1943 4801
1944 2971
1945 8410
1946 8452
1947 8453
1948 6678
1949 8664
1950 3087
1951 3611
1952 3693
1953 2853
1954 4477
1955 7797
1956 3309
1957 5366
1958 5121
1959 4862
1960 5607
1961 4927
1962 6542
1963 2328
1964 6976
1965 4928
1966 705
1967 5630
1968 6904
1969 6277
1970 2469
1971 8263
1972 8402
1973 3882
1974 3883
1975 7645
1976 3164
1977 6442
1978 1913
1979 2835
1980 3138
1981 7042
1982 6463
1983 6919
1984 5458
1985 7072
1986 7675
1987 2506
1988 4374
1989 4581
1990 8535
1991 8536
1992 8554
1993 8555
1994 8945
1995 5951
1996 3429
1997 7906
1998 6798
1999 3507
2000 7613
2001 6751
2002 7647
2003 5441
2004 6642
2005 7612
2006 8563
2007 8564
2008 5250
2009 8917
2010 760
2011 4638
2012 7064
2013 7554
2014 6475
2015 2660
2016 7895
2017 4728
2018 2502
2019 7883
2020 8578
2021 8579
2022 4067
2023 9016
2024 4180
2025 7635
2026 8894
2027 4976
2028 1715
2029 8427
2030 2032
2031 6602
2032 7735
2033 1854
2034 4023
2035 4821
2036 8612
2037 8613
2038 8624
2039 8625
2040 5286
2041 5284
2042 4377
2043 8707
2044 6056
2045 7305
2046 7742
2047 1101
2048 3451
2049 3937
2050 3858
2051 4423
2052 6151
2053 8702
2054 4932
2055 7487
2056 8412
2057 2916
2058 8404
2059 131
2060 7192
2061 6853
2062 7125
2063 8862
2064 8454
2065 8241
2066 7893
2067 8246
2068 4658
2069 8641
2070 8642
2071 5939
2072 1132
2073 8212
2074 1049
2075 8723
2076 8724
2077 258
2078 7700
2079 6319
2080 8734
2081 8735
2082 6066
2083 7624
2084 7764
2085 3634
2086 3325
2087 8764
2088 7176
2089 3844
2090 3772
2091 4973
2092 8784
2093 8785
2094 8584
2095 8793
2096 8794
2097 6811
2098 8842
2099 8843
2100 7332
2101 7052
2102 983
2103 8856
2104 8857
2105 5206
2106 4865
2107 7937
2108 3405
2109 7464
2110 3251
2111 2196
2112 8882
2113 8883
2114 7040
2115 7446
2116 5476
2117 8919
2118 8920
2119 7317
2120 6755
2121 4398
2122 4399
2123 7229
2124 6653
2125 8979
2126 8980
2127 7925
2128 2699
2129 8742
2130 8916
2131 8981
2132 8982
2133 453
2134 8983
2135 8984
2136 4220
2137 9050
2138 9051
2139 1731
2140 6721
2141 613
2142 7579
2143 4950
2144 8467
2145 7809
2146 3153
2147 2755
2148 4775
2149 837
2150 5742
2151 8895
2152 6168
2153 4776
2154 5270
2155 7872
2156 3928
2157 8120
2158 9066
2159 9067
2160 5469
2161 7435
2162 6037
2163 9069
2164 9070
2165 9131
2166 9132
2167 8037
2168 4223
2169 8719
2170 3942
2171 6693
2172 4699
2173 6405
2174 522
2175 1212
2176 8556
2177 4029
2178 6704
2179 5110
2180 3546
2181 7503
2182 2994
2183 8888
2184 6889
2185 1858
2186 8232
2187 6291
2188 7580
2189 8203
2190 8672
2191 8673
2192 8019
2193 8823
2194 8363
2195 1398
2196 7287
2197 3254
2198 5315
2199 7856
2200 4958
2201 4149
2202 2007
2203 2008
2204 8911
2205 8658
2206 5262
2207 7516
2208 8566
2209 1609
2210 3355
2211 5957
2212 9034
2213 2340
2214 5837
2215 2534
2216 6309
2217 2561
2218 8665
2219 2704
2220 3324
2221 9128
2222 3071
2223 3072
2224 4099
2225 7474
2226 4779
2227 256
2228 8160
2229 3149
2230 5815
2231 7702
2232 9057
2233 7725
2234 8476
2235 8748
2236 7907
2237 1793
2238 7021
2239 8441
2240 7661
2241 6431
2242 8679
2243 8902
2244 6850
2245 7806
2246 1872
2247 6069
2248 4493
2249 8849
2250 8397
2251 7196
2252 5391
2253 3237
2254 3236
2255 3306
2256 3307
2257 7450
2258 7372
2259 6427
2260 6428
2261 3470
2262 8292
2263 4200
2264 4199
2265 8986
2266 2133
2267 7307
2268 7201
2269 8043
2270 7943
2271 4227
2272 8727
2273 6718
2274 8732
2275 6644
2276 229
2277 7108
2278 8955
2279 5015
2280 9008
2281 7712
2282 1020
2283 5176
2284 5177
2285 6597
2286 5186
2287 5187
2288 5720
2289 3188
2290 5248
2291 5247
2292 5400
2293 8309
2294 6144
2295 1936
2296 9001
2297 6310
2298 3814
2299 6807
2300 5915
2301 7857
2302 8760
2303 9048
2304 1633
2305 9053
2306 6957
2307 5307
2308 5308
2309 8998
2310 5201
2311 8572
2312 5723
2313 5385
2314 6942
2315 5437
2316 5438
2317 5513
2318 5778
2319 5616
2320 8968
2321 6090
2322 8997
2323 5664
2324 8322
2325 5710
2326 8605
2327 4020
2328 8407
2329 8513
2330 8708
2331 9088
2332 8659
2333 8198
2334 8326
2335 4017
2336 3462
2337 8653
2338 8597
2339 4500
2340 5621
2341 7767
2342 8775
2343 9100
2344 5879
2345 5880
2346 3443
2347 6788
2348 5923
2349 5924
2350 5981
2351 8757
2352 6134
2353 6133
2354 6145
2355 8499
2356 2576
2357 6154
2358 6155
2359 2980
2360 6238
2361 3082
2362 6738
2363 8956
2364 6164
2365 6237
2366 7026
2367 6267
2368 6268
2369 1458
2370 6865
2371 6373
2372 6374
2373 7684
2374 8958
2375 9138
2376 6896
2377 1437
2378 4961
2379 2868
2380 7932
2381 6398
2382 8964
2383 8674
2384 4506
2385 6683
2386 6682
2387 8768
2388 2903
2389 6648
