216 7815
1172 3605
1079 4147
1078 5243
2334 7811
1696 1428
2100 7812
1073 3150
170 1427
1071 7067
1070 4377
821 7819
1076 5875
1414 1352
1074 478
1279 3257
1278 3457
1275 6038
1274 1508
1277 3503
1276 6518
1271 2910
1270 4803
1273 4520
1272 6187
452 1051
1189 3486
1631 3484
153 3485
1114 5185
1671 6171
1670 5130
1673 7484
1672 8993
228 591
229 8448
1097 8618
1072 5375
1679 4630
1678 2335
226 2748
227 1538
220 9121
221 4858
222 5373
223 1354
928 1425
1545 8432
209 1976
763 8431
21 1350
1725 8695
495 8439
1419 8333
827 3694
824 4201
822 3148
823 2092
820 1415
412 1732
1410 260
1413 4169
2133 5238
1415 2838
1417 1386
1416 6059
1863 4042
2387 4047
752 4721
353 2531
613 4287
140 4280
2275 4282
94 1395
467 597
624 599
1326 7581
2192 2821
703 2530
145 7307
498 1646
920 1647
1307 8914
632 6617
1 7749
1300 2497
1303 1176
1302 6796
1795 2997
1606 2996
1764 7746
1777 6618
1308 5212
851 2991
1095 1573
1094 5574
441 117
1091 8139
1093 4103
1092 4753
1209 5526
704 2533
1099 4199
1098 4114
343 1747
998 822
1687 4139
2209 4136
1061 4135
861 4133
1016 4130
437 2196
324 2194
1208 2191
1219 374
1964 375
135 6654
1506 1070
1934 5423
401 5421
1767 688
74 5424
468 684
2204 2115
2207 3760
2206 6022
2201 245
2200 960
2203 8842
2202 7125
772 4296
414 6767
615 6769
189 6273
2341 3131
1388 756
1610 754
853 209
554 759
777 8753
2027 1975
1621 950
2176 4863
323 4867
1542 3482
180 918
1676 978
1766 3809
943 4625
1257 976
359 3453
795 3804
1705 975
2339 864
2338 1680
1638 2047
1842 2046
732 5738
2233 7562
2331 6194
1115 5737
2333 5103
2332 6210
2335 6140
1668 5733
2337 4430
2336 3916
2021 641
1619 8271
233 1511
2240 4760
1675 5112
1674 8469
994 2536
1677 1658
1453 7326
2278 3245
1085 3246
1883 6352
175 8920
768 6354
2314 8617
1877 5460
773 6661
1211 4911
2131 1518
1336 7128
2025 780
2024 7447
2371 6190
2020 475
2023 2753
1037 1006
1485 5882
2311 5883
2029 283
871 5885
2265 5886
1463 4594
84 2883
2143 2405
320 147
942 3454
1511 1454
671 3638
2316 7524
2148 2853
1603 4772
677 2014
237 1543
2090 5131
526 7170
619 3108
996 2403
181 2454
1918 810
300 1740
674 1219
2373 3107
2092 7165
426 3105
339 2294
111 2296
967 2297
141 2293
2348 6993
2195 8538
1448 6997
955 2299
1233 4607
245 4606
122 1363
839 5955
744 3941
307 5950
2309 6287
923 6285
628 6284
1394 1041
538 6974
1334 6977
1395 1025
1361 6970
2056 642
894 2884
1393 6873
1304 3077
1245 3076
581 3075
583 3071
690 6804
87 1745
55 2907
1970 8724
991 3079
1260 3078
321 3299
826 661
322 5040
325 1729
327 1837
1182 1229
329 5314
2199 7007
1054 4739
124 1738
629 7001
1936 6748
1937 8676
1935 1414
1932 7926
1933 5113
1930 4908
1931 3308
854 1850
1938 6859
1939 7476
1556 738
1557 3132
899 1220
1261 8283
940 7990
1386 1730
1400 1010
1306 2589
1412 967
1558 3890
1002 7603
2352 4453
870 1186
944 4171
783 3015
782 934
781 2123
780 1869
787 3448
786 4306
785 7699
784 7071
134 3363
789 1478
331 1735
1466 2677
2153 2674
377 7820
1793 6276
1779 6428
510 1439
2009 6423
1396 1342
417 6421
490 6420
525 6427
999 1345
2364 8736
1248 992
1249 8650
1798 1812
1799 8883
1240 4477
1241 3341
1242 4469
1243 4832
1796 4888
1246 1333
1247 2639
576 1751
1420 3499
646 3498
2328 6309
872 3983
248 4610
1210 3493
392 2706
258 6290
1096 2705
1648 2721
1630 7951
1268 3659
2171 2701
251 5267
1645 2669
253 4718
1647 7717
255 8507
254 88
1642 9022
778 3650
1424 2000
1425 294
1426 3786
1427 8867
587 3198
1365 1231
675 1230
1299 2855
828 8429
1429 8660
410 1239
1053 1728
811 4439
810 838
817 8058
816 887
815 6016
814 1888
1956 1720
819 1086
818 8165
1836 5080
1747 5081
1469 5082
2214 9139
1684 5088
1996 438
205 3411
110 9063
41 6744
1101 561
1024 560
938 4179
1899 2045
1330 8428
1331 8527
2262 6601
788 6600
156 6607
1335 5213
1337 7111
1338 5141
1339 3224
178 6609
79 6608
1080 1659
1488 3293
2226 925
2197 5558
2077 162
1595 1953
1038 5556
118 1950
1439 5554
1950 5555
1639 2208
1870 4142
728 4140
2218 2523
1185 4145
208 7482
2229 7487
1717 303
1350 304
801 307
878 5431
2239 8170
2319 5433
866 5434
121 1757
63 5439
2231 3971
2232 7490
2234 2788
2235 3426
2236 4094
2237 7242
20 6279
1283 6777
61 1714
2017 7192
1895 7695
1005 5102
1452 731
1884 1758
635 2205
522 762
2078 415
1885 3309
174 416
1800 8038
2367 8382
274 4855
60 8127
217 4857
1611 418
556 948
2304 6092
2305 3329
2306 3960
2307 5057
2300 194
2301 7610
2302 48
2303 654
1929 7395
2308 5058
518 788
384 3817
2363 3586
207 6614
11 2073
1212 7554
78 7556
70 2078
372 878
157 1644
385 3301
1564 1577
1301 1654
474 7982
2005 6252
243 1640
2003 3759
1829 6987
1000 987
194 2373
1535 5897
166 3252
460 5895
195 4821
1904 6369
1695 1328
1641 1885
356 1887
714 6360
491 1882
1253 5898
2010 3753
2011 6843
2012 8187
2013 8943
2014 1120
2015 133
2016 6861
2018 7203
2019 225
1001 555
548 3049
2129 7740
1204 183
1205 4765
1206 2888
1342 7465
1207 3282
1082 965
1409 3446
1200 327
1753 6296
1745 2441
918 2440
978 4637
973 2444
2093 7166
106 2449
2369 7168
1688 7900
241 2287
1707 2286
454 2288
721 5782
2210 5742
2105 5949
328 5948
1892 5705
1680 6949
2283 6592
2036 3007
1718 3004
1067 3005
913 3008
275 3009
332 177
333 8472
330 2052
336 391
297 4705
757 4706
1711 4707
933 4708
717 4709
338 3326
1925 8021
1924 7853
1927 3580
1926 1784
1920 2545
1923 2211
1922 2834
1928 4763
1436 6782
964 509
2032 8979
1728 920
2297 4448
2063 8129
1774 3719
1629 8122
295 1236
798 7301
799 1889
294 43
794 3902
796 7508
797 7993
790 1834
1083 2667
793 4356
1256 80
1255 7542
1411 4563
1252 4393
1251 3584
1250 5362
1694 2515
1442 1403
1962 1404
196 1405
1259 1917
960 1407
1789 5014
1788 8104
1975 4566
621 1021
1781 6473
1780 6300
1783 2572
1062 60
1785 3881
1784 4216
1787 6459
1786 4348
616 96
2225 97
2113 92
1560 8383
302 98
57 8387
886 8638
1658 58
2324 7946
1653 3276
1839 1535
1651 847
1650 2808
365 2719
2375 3627
244 850
1482 3625
1433 1981
1432 707
1431 2236
1430 7503
1373 1710
1860 8416
1434 5120
1297 6433
731 1249
375 2841
105 1368
1865 1080
809 5610
310 2743
804 2618
805 1831
806 3906
807 5659
800 4052
802 5326
803 706
922 4409
1140 2629
2260 9091
2312 9097
100 6250
1532 5931
2184 8700
2039 2744
1267 8250
1495 3531
2042 3834
1835 7997
1955 3538
1523 6412
1284 7765
533 7764
2266 8468
1347 576
1667 577
1878 5907
1572 575
947 572
855 2388
1722 197
1987 1660
2245 1661
596 1663
312 1666
89 685
1327 606
1325 2231
1324 5863
1323 4730
1322 982
1321 1155
1117 5287
812 5548
1941 171
745 176
1505 492
1358 8037
292 1398
1719 5540
16 1761
1731 6415
1721 544
1059 3314
1398 8460
1039 4151
927 8801
1509 5988
230 4156
2227 4109
2224 6318
2223 3761
2222 902
2221 5718
2220 5414
1311 313
1634 1045
1720 3210
1126 317
2228 1959
2356 5404
882 5407
1893 6699
1897 6709
1292 8039
2164 6700
1590 6783
1859 778
500 1113
659 6324
390 406
1562 4848
479 3396
776 3821
361 958
1294 7766
1183 4845
13 4844
2313 6467
2310 6047
2317 212
552 7388
2315 7910
2379 7385
2318 868
30 3551
1762 799
1004 5719
1555 6014
1113 7309
891 7549
708 2063
1202 6018
1215 5717
34 6891
77 103
1848 8344
1724 4097
2216 6316
463 4939
1568 1899
1968 1898
318 1893
971 1892
168 1360
2062 8576
485 2516
281 8341
1633 4057
2008 3139
2007 7770
2006 1703
2126 6177
2004 2418
2002 7438
2001 7282
2000 622
1632 5244
711 3945
206 4039
1712 3016
1496 5030
897 4623
497 7922
283 4620
2198 3621
496 2815
919 7155
249 2477
2185 7151
2246 2472
912 7153
1617 823
1616 7755
314 2272
204 808
73 649
1569 7867
1598 1765
1612 2882
1051 7854
1378 6958
2123 6955
2190 6954
164 6953
1196 6950
921 3013
1605 3012
608 3014
499 1684
1811 3019
1164 3018
494 1443
493 6061
492 4648
1682 7029
658 4527
309 8324
306 6058
305 5168
304 8726
303 3950
653 5197
1910 2735
1911 4617
1228 6396
1914 6393
472 6390
1916 4836
654 2866
1919 2525
1593 4017
1868 6399
102 7022
2118 6109
2174 5018
92 4714
651 9000
1706 5630
1389 913
650 6006
1377 8360
301 1607
1021 5074
1563 4438
2217 8147
1640 7407
1036 3709
1372 352
684 8131
1806 8137
1580 2659
2374 8135
1549 6101
1862 2496
1913 2556
1547 6243
1349 2499
1222 8233
1223 3729
1220 1939
1221 8401
1226 5397
1227 7116
1224 723
1225 7096
1760 1303
261 9026
1565 5390
2230 7847
701 8518
573 2984
515 8393
1847 4389
2256 5158
198 2383
1908 4385
2074 5153
1201 81
276 8544
273 2129
876 84
378 8621
270 5278
560 4546
1574 9100
279 3790
278 7609
475 5374
873 1529
476 6124
471 7066
470 803
473 2058
1408 3631
549 2729
478 2448
1809 3637
1573 2500
1151 6570
17 6574
2034 8409
995 2717
505 2870
1737 6578
114 2872
924 6845
1116 2874
2044 2877
1237 1093
1844 1091
1683 4874
1685 662
1138 717
1139 3927
1136 7392
1689 6879
1134 691
1135 4962
10 4411
1133 9054
12 1522
1131 7907
1316 3578
968 4090
22 6522
1445 2587
126 3305
488 1417
1190 3524
1727 8246
142 8716
1579 1744
394 8249
1011 1418
969 3864
1976 9044
1750 543
905 4878
904 4464
907 1452
1359 3550
901 964
900 8615
2378 5572
902 7318
1352 5499
1353 4769
1351 6205
909 7493
1357 1756
1354 4768
1810 1670
1609 6564
835 4166
1368 141
120 140
2111 4366
1531 5358
1819 4187
857 1946
1646 4437
2253 1341
2250 8389
2251 3797
2257 6053
2254 4082
2255 7086
2258 1052
2259 2633
47 2242
291 5419
1064 5418
2196 3727
1701 5413
1626 3352
1286 5410
2354 1056
1843 6717
889 6716
1627 1542
1423 3381
1876 3832
201 3830
1176 3836
1801 3387
1230 439
150 4779
1147 5707
403 800
2377 5703
1108 5702
1666 8036
2084 1248
660 1878
1537 6668
1503 8701
406 2394
563 6003
2058 4259
2147 2010
407 4873
688 2017
914 891
856 890
976 1771
1461 3247
1594 895
1873 897
2059 320
1019 898
669 2796
516 3169
620 6224
2150 4948
1370 4949
1298 3908
1622 6403
1940 507
1177 3703
1476 8299
1501 4572
2279 7231
1040 2125
893 2122
2101 5271
2072 5804
2073 5789
2071 8056
2076 468
532 6145
347 2128
2274 7858
1628 634
643 637
2277 3655
2028 6191
2271 3440
539 7149
2137 5920
399 1963
713 1050
1112 2462
2106 1524
2107 6569
2104 3680
1087 4893
2102 7266
2103 6447
158 2266
2108 2579
2109 988
884 6853
1130 6816
2247 5965
2186 1932
69 6049
949 3364
2146 6414
1149 6034
956 6924
489 8887
1148 3566
2144 3158
480 3052
481 4304
482 470
483 9136
484 1826
486 3563
487 4775
319 2251
648 7420
649 2314
313 848
35 4766
718 4767
316 748
641 106
1828 1841
832 1844
1909 4200
1906 4311
1905 554
765 2392
1903 7433
1637 7986
1143 6810
1900 8791
1229 1393
1952 5507
2130 4421
774 4420
67 3734
716 4426
1852 4428
66 6622
986 4081
2205 3738
890 2640
1167 2647
550 2646
393 2645
1946 8065
1288 3735
666 2486
1988 2488
1544 7859
1232 4614
1235 3112
1234 926
1236 5542
1239 3556
1238 6557
2054 8785
1173 5149
1110 5157
352 5147
2347 5146
1758 4396
260 831
263 6451
1832 4559
265 7133
266 863
267 8234
268 3201
269 3115
2372 4556
154 70
1643 4550
1874 72
1244 4552
466 7324
464 7332
465 1945
462 8591
503 2739
461 6444
1978 4228
469 1742
277 1848
1161 6548
1468 4113
910 6546
997 1267
1713 6540
543 83
544 4085
869 3172
1129 805
1128 638
1160 1068
1106 1069
862 6476
1124 3862
1127 600
1121 2089
1692 8562
1123 7442
1122 7379
242 643
271 5279
27 1228
1192 8275
117 3517
1826 131
232 7703
1293 7702
1497 8500
1943 7706
125 7709
48 9055
2182 9051
2057 8509
916 501
1348 6753
915 8811
354 4540
911 6272
1341 7416
1340 4484
1343 7466
1345 4211
1344 351
2163 6499
610 4177
611 4178
1820 6496
477 2184
1654 6495
1060 4375
373 2723
438 2863
896 2861
540 8882
2022 2869
1704 4239
2241 2305
2243 4903
2242 2304
405 3641
2249 8450
2248 3752
1578 3288
2294 1806
574 7781
1013 1115
1861 680
1815 6721
1872 3630
1947 8454
1406 8884
607 7630
2383 1118
1103 7278
1035 3642
604 8142
588 3634
389 557
2342 553
1023 2030
1979 7277
1966 4724
1152 6571
565 428
2055 1250
948 424
408 8895
972 4781
1380 423
138 5770
1034 5587
974 3185
736 5778
842 4725
1032 3062
53 6030
1471 6033
1028 6035
829 8553
1030 5745
451 2007
950 331
562 332
875 336
687 8406
288 339
1775 888
764 889
3 4951
1741 1533
2075 4959
867 2412
678 839
1662 1696
1660 6656
903 2230
214 6151
737 1995
1983 3280
1601 3281
1063 6220
2069 1582
2068 2170
511 7450
1681 2569
2061 2805
2060 8513
424 5604
2065 1948
2064 4586
2066 3863
18 6559
1778 8677
19 4605
1686 5816
514 6679
1516 3911
730 8855
358 1222
1137 1048
282 4119
2115 6498
1392 2259
2117 3695
1401 1098
2110 8800
1132 6531
1364 4881
874 8822
1310 7710
625 1223
877 7251
945 5916
115 5915
344 4233
97 1463
1871 7045
1346 3030
679 186
435 7287
173 7281
673 1181
672 256
1018 4773
670 4517
676 1212
1170 4776
834 4051
2033 5821
1972 8664
1973 5627
1047 6807
1971 857
1977 737
1974 674
879 102
580 2978
582 1616
585 6083
584 3174
2094 3721
586 1763
589 2180
1990 4417
559 885
391 4413
1571 3525
1823 1416
1887 8247
1807 5134
1804 4023
1805 1095
1802 2553
1803 2890
1031 7196
831 7197
1033 7198
1808 3441
1759 7060
1756 8051
1757 2928
1754 1907
1755 2947
1752 4726
1751 3182
1882 5173
756 5174
1199 8641
1319 8640
299 8735
298 5475
1567 69
443 8649
567 4561
2287 4562
326 6181
290 8075
293 2216
38 2749
109 6497
456 2414
455 1734
104 7641
107 4254
101 7783
760 7995
103 1864
1066 5282
2291 5280
1510 5281
852 4653
44 5285
191 6553
623 1272
1118 5288
859 8910
858 319
1119 3962
39 4652
1265 1078
2353 1962
33 1617
31 8918
36 8305
257 1072
119 1960
1528 694
2152 8520
1473 1472
1548 7860
1599 5529
1623 7863
1596 602
1597 499
1591 6322
1592 3887
985 3500
1374 6070
1375 6465
1376 3846
162 8516
1858 7739
75 2922
1379 274
1576 5754
1577 2973
926 3300
925 220
723 7464
929 4819
1508 1614
1661 5591
1995 5426
1546 4189
1086 4186
1708 6480
1474 4184
50 7927
46 6485
906 4825
1702 6892
370 1772
2268 9114
2142 3878
1607 9110
1450 3562
2351 184
190 635
2276 7931
2350 188
2270 2715
1455 630
2272 6090
2273 9
446 1105
1027 6730
2362 5613
1399 7606
1949 1297
536 1291
1356 2908
908 4084
2327 520
151 522
1355 8670
504 7575
751 456
1888 2435
1525 5763
1231 4167
395 5765
1770 5767
422 5766
637 5769
838 7890
1813 8702
82 5034
1184 6027
7 6026
80 5268
966 1218
1305 2506
645 5598
397 3297
1198 3295
1487 3294
143 4968
1312 4966
984 4960
1104 4963
2050 8076
2051 3900
2053 6649
1710 1238
88 651
2296 2301
700 2101
2295 5389
2292 1039
2293 8571
2290 7595
957 5614
2166 5617
2298 2976
413 5612
340 4870
183 3175
246 2772
1614 4856
1043 2776
2120 8762
2121 3903
2122 7579
2124 6
2125 7751
1736 3342
2128 8471
296 7616
416 1912
1530 5900
1216 3974
664 7370
665 6147
667 8505
661 8951
662 3313
663 6225
885 7059
668 4838
64 6385
1483 4381
1583 7297
2284 7296
1519 7299
1969 8633
133 5834
169 1828
766 1829
1961 78
1960 5051
1963 4529
1967 6849
1915 2391
591 2696
1015 241
592 4991
593 8908
609 4408
597 1587
594 4027
595 6697
598 6336
599 1132
697 4405
2079 190
2127 6610
693 6271
1814 1628
1817 6913
1816 5452
43 6901
1812 6131
425 3024
1818 1456
1218 939
1749 8948
1748 9013
1418 6819
1213 621
1744 1128
1746 5276
1743 4787
1742 4977
603 1026
289 8856
286 1830
287 6747
285 122
280 8680
65 2759
8 3582
9 1476
448 2189
449 623
2 6638
1534 8077
459 8074
440 3370
25 380
841 734
26 3955
845 8296
23 1785
557 5299
1833 5298
29 7895
28 5015
1109 4895
374 1599
247 1755
761 1592
2330 7874
1191 1046
722 1047
545 394
939 1994
1912 6658
887 8218
1768 3579
1457 1449
1582 2518
400 3570
1587 7647
1586 4101
1585 3048
1363 7264
1362 4309
1360 1548
1367 142
734 2938
2193 8528
1369 3183
767 9035
1734 9037
1917 7724
1792 2988
1566 1691
1649 5589
934 8780
935 1774
936 3266
937 6528
931 3544
932 7412
1791 2503
1514 5345
951 4191
1869 5341
1797 385
240 2803
1735 3405
1794 3455
1857 8321
1290 4352
2114 8329
2269 8060
1732 480
2261 5192
262 8489
2267 7804
1891 192
2264 4011
1146 1130
2365 8237
52 5128
733 995
633 6580
1421 3744
342 6588
2134 532
1851 7052
981 1001
264 386
748 807
259 387
184 2022
1194 2025
2052 2024
2046 8424
113 5750
2325 5753
376 6121
1262 3835
639 6056
1765 56
742 3116
555 2688
123 3994
1763 3920
2089 3838
1761 8667
445 8985
1644 8926
2041 8937
2040 8917
2047 3317
1008 408
192 2881
2048 3884
2285 3069
2286 7773
2281 1781
2280 9078
2282 6535
2289 2765
1538 2112
2116 3178
558 7308
1479 999
1077 2433
528 2232
1880 8843
739 2235
531 2238
131 2239
381 7439
917 5935
527 5937
1822 8854
1422 134
2388 8857
1945 3378
2136 266
2135 8006
1052 1075
709 1206
90 6696
308 5104
404 179
1197 6691
612 4276
1010 6692
617 6910
618 6076
311 2586
2358 7061
1179 2583
1954 1361
1957 2333
1951 1002
1965 2355
1958 6565
1153 6829
2181 6828
959 2413
656 6837
2173 968
865 7914
600 3747
1014 2356
1328 1723
1263 1003
1543 5648
642 2692
547 2694
720 7643
1821 4209
1824 211
1825 2880
4 1372
1012 1111
534 7081
1907 324
1771 1800
1772 2609
2376 5119
546 8197
535 6643
895 2762
707 8662
740 3750
1841 2566
129 7109
128 3968
136 8068
431 34
127 866
434 8014
1517 8062
1550 8685
51 2850
54 4851
56 6335
1175 7904
58 8815
59 7401
1178 347
415 1059
2045 1546
771 3653
1007 4402
1739 5027
682 5022
710 5021
72 4218
759 4219
1894 8559
541 4498
542 3464
203 1453
2149 7880
1527 6599
1397 7244
1125 2902
2178 2903
5 2905
1390 8831
1391 5235
1552 9090
1553 8919
1554 7756
1009 2081
1006 8637
1003 6240
946 5059
747 8814
508 6091
2172 3891
1480 2325
1481 607
1486 3777
1484 8957
213 4322
868 4320
1489 4518
1102 8627
1266 7662
2212 6267
2321 4827
2386 6432
1526 7669
2083 616
1490 4809
71 1619
1846 5302
2175 6597
1291 7992
1025 291
68 9004
98 4513
2345 9002
1896 9003
843 506
626 9008
1709 7188
185 912
1697 6048
2085 6041
695 2915
423 6043
1332 1081
1889 8623
883 6141
962 3980
2213 8990
379 8994
2329 5635
272 3303
1991 875
108 5639
165 2168
186 6068
32 5075
2177 1934
1886 479
1045 2152
1387 4695
1217 5324
1142 6313
1740 6633
989 2222
2211 2227
881 2228
898 7312
96 3368
2140 7878
2141 4829
236 3362
2145 6925
2180 2937
1404 1037
1458 4367
2098 1827
507 5848
1203 284
602 6265
601 5846
606 4487
605 3177
1405 6406
1773 2597
977 7074
1042 1804
1942 4290
2326 6851
657 5879
1944 22
2030 7274
188 7271
1107 2353
1169 5814
655 2911
37 6258
746 2686
1020 2684
1214 6086
1541 2689
1145 5440
836 1436
521 5459
738 8534
735 1022
1467 2469
2361 2468
1838 568
1834 7218
284 1060
1831 2974
1830 3589
315 32
993 7989
1855 37
1533 7119
137 2507
130 6398
1602 5579
202 2774
139 6872
428 5393
420 6214
421 2332
427 2966
1890 8628
42 3819
1163 9042
40 1770
1165 8071
45 6681
1168 4488
49 1773
116 4807
1057 8235
447 7785
6 136
551 1160
1536 7894
1769 4301
840 8777
24 6256
1385 4305
1384 3772
1381 4071
1383 6754
1382 5259
958 2949
844 4088
702 5328
846 3173
444 2438
965 5223
419 5296
1491 1305
1493 6847
1492 3542
1494 121
849 7529
1499 7787
1498 7498
726 2825
1446 2824
1901 7676
442 1152
983 1157
2322 5254
218 5258
808 9019
694 2918
553 263
1438 3672
1460 6074
2191 6677
1315 8466
506 6673
1193 6670
1700 6671
1477 1697
1715 61
1444 3951
1625 3957
1046 860
1669 2173
2381 7161
200 3885
1524 3142
1068 1174
792 5842
2349 6202
775 1921
1154 3096
2159 7424
2038 3674
2151 6812
1994 8830
1589 8423
2156 8211
1155 4083
614 1448
979 1561
1407 493
234 3692
638 2535
636 1013
634 4240
631 2366
630 8318
705 3220
1840 2419
1690 3229
1157 8090
762 8214
647 1576
1584 668
1313 5866
644 3323
577 5864
1454 8522
83 7909
640 8171
167 1620
1366 3691
2344 6325
1441 867
706 7470
2170 3163
1849 1347
1507 7887
572 1184
1845 7374
1055 3171
239 2393
149 252
152 2077
837 6326
387 8494
627 5725
524 5227
383 2358
159 2547
530 2549
1159 8266
1084 1036
76 4242
892 399
1624 8022
1620 6560
1449 8092
211 2176
2043 6168
215 5586
1790 4
1289 3546
930 4481
1162 4234
1029 3787
1056 3671
566 8901
1714 6418
564 1382
568 4154
963 3124
961 667
147 6686
160 8556
1539 4117
1456 1325
163 4300
953 1200
941 9050
1105 8317
575 8315
177 3434
2357 6212
517 4012
1443 5126
1440 138
2082 1140
992 75
1726 5263
91 4748
366 5266
93 658
99 6180
1264 4014
502 4018
1540 4499
1258 3595
2389 8000
1188 255
1465 1509
2385 8972
1403 4358
2380 710
750 703
1156 6063
1521 6060
1281 6067
2219 8477
1166 1603
95 383
337 384
1187 8026
1902 3873
1522 6216
987 3271
1026 818
2091 8154
2095 1170
2096 101
2097 2786
1738 5490
81 5495
2026 4100
2263 7651
1462 2529
2162 498
1295 6916
2165 6646
2160 6228
1174 6278
2168 2059
2169 8802
523 4830
2366 2837
2360 7019
1659 8824
2368 8890
179 5786
1518 5785
362 2504
1615 5780
1608 1493
1504 6914
1551 4673
1435 3316
14 3973
2154 1985
2188 2374
2157 8962
334 7250
622 4255
848 3236
171 8952
537 6306
15 6640
1993 6871
1318 7639
1141 2505
880 1544
779 6893
715 8109
712 841
85 7164
719 3456
176 3151
1081 7918
758 3157
1850 2086
1853 1741
1854 5468
409 5129
1875 5442
2288 5125
219 11
402 1279
155 346
396 1983
398 7239
2194 2256
357 7925
1635 1182
1451 1557
1144 323
1017 2665
368 4220
1513 79
1703 5996
578 6381
579 5683
1559 8456
570 230
571 3465
970 7103
975 4834
1058 4633
1529 89
1992 5307
1520 3459
1181 4310
529 8095
2346 4319
1867 8493
1475 8497
2161 7947
1402 7657
1309 2625
429 1810
436 1779
1282 5274
2139 5270
1287 8364
1515 234
1041 8829
988 398
1512 4601
652 4079
680 660
1464 8672
681 123
1716 8470
2087 1979
2081 4674
2080 3133
146 6541
1088 7432
952 3938
850 5664
990 5662
1613 1510
197 488
698 485
1698 1762
2359 8525
1575 6057
863 7970
2179 7063
860 580
2370 8969
1723 7322
1120 695
1691 8758
250 1805
685 2300
450 2309
1998 5850
1999 3350
161 3203
1570 6792
1997 4267
252 5386
367 8487
1459 7123
769 2697
1864 3792
1866 1572
210 6291
411 4970
1561 3598
388 4297
888 8020
439 1801
980 1786
369 6641
364 2942
1588 2520
256 6624
360 2581
363 7753
187 4237
1296 3970
182 735
1600 8875
1604 5195
2340 4251
729 3707
509 3919
2167 880
1730 1034
1980 6462
1044 2952
1048 1991
1049 3460
982 104
1285 517
1280 8574
457 8224
501 3581
2086 1760
724 1750
2320 1767
212 362
1470 7967
433 5567
1314 6790
2088 6798
1195 4243
1985 1251
1447 5852
1329 2944
2031 7911
770 233
692 6085
1478 6645
1776 127
1881 8153
1656 3921
371 2369
791 655
2183 7683
2189 7134
2187 4588
689 7126
148 8244
1986 7759
1984 5444
1186 7235
1981 6742
749 2781
1989 5198
2244 5809
1657 5855
386 7523
590 3216
2238 5695
225 4804
1320 7214
382 1492
1100 2334
2037 3910
380 1513
520 3137
1879 4129
2138 2425
2299 2401
1472 1993
2132 5193
1254 7965
2384 3681
172 6443
458 6780
193 7205
355 5077
2099 1574
199 2315
1729 7201
519 4662
513 1690
1502 3876
1500 9011
351 871
317 3
1180 585
1437 4063
144 837
683 227
1269 4112
743 359
348 6741
1953 7100
1733 6605
1655 2105
335 6980
691 1271
686 3866
132 1964
2035 8101
2112 4174
1948 8904
1652 7758
512 1
741 8178
727 8009
830 8004
349 4263
341 3583
345 4619
696 3609
561 3871
753 8176
2343 7373
1069 5226
1075 4817
1089 2931
1317 1604
569 3473
1663 4465
1664 5989
1665 1424
754 904
755 1974
1898 4816
432 4910
1022 5050
954 210
350 3264
1111 2100
1333 4612
2382 4015
430 6481