NET1_NODE	NET2_NODE
1	1038
2	1184
3	3987
4	2062
5	223
6	52
7	536
8	884
9	3752
10	1185
11	3475
12	3476
13	6177
14	1630
15	2408
16	2407
17	5265
18	4558
19	6395
20	4530
21	796
22	2897
23	577
24	3190
25	911
26	1365
27	915
28	3220
29	569
30	1183
31	3263
32	3259
33	2393
34	90
35	6314
36	3620
37	6470
38	6471
39	5924
40	843
41	1031
42	6472
43	5524
44	1138
45	1326
46	1325
47	3094
48	3092
49	6403
50	6405
51	2883
52	3396
53	769
54	358
55	976
56	975
57	376
58	1046
59	3835
60	4175
61	2761
62	523
63	3789
64	5175
65	6695
66	555
67	147
68	931
69	422
70	3512
71	287
72	3306
73	2198
74	2188
75	5151
76	191
77	3001
78	3000
79	281
80	1018
81	3679
82	1317
83	2281
84	3015
85	13
86	4202
87	2519
88	1770
89	1771
90	3065
91	3064
92	5511
93	3090
94	2015
95	1189
96	2898
97	5093
98	5525
99	3508
100	5464
101	3924
102	184
103	400
104	5450
105	3397
106	2027
107	1636
108	2264
109	1457
110	1997
111	429
112	165
113	2236
114	553
115	311
116	411
117	412
118	4092
119	2579
120	1410
121	1412
122	3106
123	2640
124	4044
125	5847
126	4141
127	2774
128	605
129	606
130	4537
131	6171
132	596
133	595
134	3960
135	3273
136	2810
137	9
138	356
139	5009
140	3339
141	1077
142	2004
143	2003
144	252
145	1548
146	4893
147	4296
148	5044
149	4445
150	330
151	5722
152	4740
153	2344
154	964
155	1098
156	308
157	1611
158	1376
159	2624
160	1020
161	4958
162	2007
163	2033
164	1878
165	2009
166	1073
167	5943
168	1993
169	5109
170	1078
171	1828
172	489
173	1462
174	1628
175	2505
176	6449
177	1730
178	5328
179	3629
180	1314
181	6124
182	3628
183	6479
184	1300
185	3626
186	5586
187	224
188	1395
189	1396
190	2630
191	54
192	1026
193	3698
194	53
195	3851
196	6611
197	6612
198	2457
199	1644
200	4911
201	1200
202	325
203	661
204	6017
205	926
206	114
207	3041
208	5448
209	2949
210	4952
211	3077
212	4782
213	3042
214	4783
215	130
216	1162
217	128
218	229
219	1082
220	2645
221	168
222	3316
223	3315
224	538
225	1219
226	1344
227	4245
228	1924
229	5938
230	2212
231	3566
232	2070
233	4506
234	5494
235	2475
236	233
237	1736
238	5939
239	1500
240	6236
241	576
242	3817
243	5940
244	5941
245	6293
246	1791
247	6294
248	1195
249	816
250	6109
251	1713
252	1460
253	6577
254	1697
255	4100
256	2059
257	909
258	382
259	3441
260	3442
261	255
262	1053
263	1732
264	119
265	623
266	1220
267	1221
268	6622
269	2238
270	4534
271	1488
272	4538
273	1128
274	6201
275	3450
276	1541
277	1834
278	2056
279	2055
280	364
281	2294
282	2835
283	5814
284	745
285	614
286	2694
287	6572
288	1774
289	5425
290	1482
291	377
292	5599
293	3203
294	971
295	1764
296	1383
297	2852
298	5324
299	1689
300	1498
301	1687
302	6091
303	4143
304	5527
305	3225
306	3227
307	1600
308	1323
309	2253
310	4017
311	3226
312	4956
313	2702
314	883
315	1436
316	2384
317	4527
318	982
319	4751
320	3759
321	6605
322	1657
323	4146
324	877
325	878
326	559
327	1625
328	6239
329	2948
330	1622
331	2106
332	6089
333	5399
334	2590
335	3050
336	3459
337	1743
338	1701
339	1702
340	4440
341	6012
342	366
343	6595
344	2513
345	2514
346	2515
347	1398
348	6628
349	1397
350	5952
351	5587
352	6351
353	6425
354	0
355	66
356	3635
357	838
358	1309
359	3999
360	2447
361	2303
362	2292
363	925
364	5094
365	5962
366	2541
367	4147
368	1066
369	4068
370	18
371	5671
372	1061
373	987
374	4833
375	5956
376	1646
377	5957
378	3252
379	5958
380	4090
381	5959
382	5960
383	6392
384	6393
385	6394
386	2813
387	78
388	3877
389	5409
390	1125
391	4424
392	4645
393	2968
394	2543
395	2545
396	2544
397	4215
398	304
399	6046
400	4988
401	977
402	1985
403	401
404	1307
405	2189
406	1193
407	4664
408	368
409	3614
410	3840
411	6443
412	5104
413	1065
414	2011
415	5749
416	6208
417	1586
418	2569
419	563
420	2570
421	2571
422	89
423	441
424	6150
425	210
426	1964
427	3965
428	1212
429	1331
430	1006
431	5112
432	4029
433	4282
434	6229
435	812
436	2386
437	6230
438	6231
439	6232
440	2248
441	2887
442	5400
443	2510
444	6049
445	3937
446	431
447	1386
448	35
449	3465
450	3003
451	5966
452	1883
453	4094
454	6104
455	548
456	2554
457	2553
458	1796
459	4502
460	5216
461	4549
462	1463
463	4407
464	1072
465	6407
466	6408
467	1328
468	1064
469	3747
470	6409
471	1814
472	3332
473	6410
474	6411
475	4495
476	418
477	4481
478	5309
479	1861
480	2278
481	2279
482	1151
483	102
484	1206
485	467
486	4890
487	1781
488	3272
489	1035
490	106
491	424
492	493
493	497
494	1422
495	1980
496	2171
497	5638
498	2446
499	3818
500	1087
501	4563
502	1960
503	1483
504	5040
505	1356
506	4162
507	539
508	2005
509	6415
510	541
511	2283
512	2284
513	2285
514	4294
515	4241
516	5965
517	2286
518	5463
519	6663
520	1117
521	1990
522	791
523	4883
524	1108
525	1315
526	2336
527	2337
528	194
529	2596
530	772
531	759
532	338
533	6384
534	5752
535	2771
536	2772
537	1655
538	2536
539	2951
540	4863
541	2950
542	4750
543	983
544	581
545	5013
546	389
547	47
548	2688
549	2689
550	1894
551	6330
552	1192
553	135
554	136
555	5022
556	123
557	841
558	2432
559	4658
560	562
561	4638
562	3994
563	142
564	2762
565	3134
566	3136
567	2711
568	5903
569	2289
570	3982
571	5219
572	166
573	2785
574	2786
575	2224
576	5383
577	2229
578	4070
579	2978
580	1140
581	5134
582	57
583	4126
584	1017
585	3753
586	522
587	2789
588	6519
589	6221
590	5352
591	1091
592	4214
593	3648
594	5083
595	4708
596	2726
597	2729
598	3880
599	6007
600	289
601	4580
602	5067
603	578
604	2984
605	2985
606	6691
607	2074
608	117
609	1907
610	4586
611	551
612	4408
613	2356
614	1207
615	1943
616	153
617	5132
618	1598
619	3574
620	5127
621	5131
622	4426
623	979
624	6068
625	4395
626	3333
627	1413
628	6285
629	502
630	72
631	963
632	6312
633	4227
634	5130
635	3892
636	5128
637	5133
638	2310
639	6178
640	6179
641	6180
642	6181
643	2373
644	3484
645	2006
646	3047
647	3048
648	5997
649	149
650	4213
651	5836
652	5811
653	2421
654	2538
655	985
656	5066
657	984
658	3913
659	5699
660	4803
661	2593
662	6245
663	1654
664	2314
665	868
666	4712
667	3766
668	6385
669	2895
670	5603
671	6079
672	3712
673	3169
674	2896
675	2900
676	591
677	913
678	399
679	609
680	2724
681	5244
682	5926
683	2211
684	794
685	664
686	2864
687	5245
688	1969
689	5920
690	2861
691	19
692	4640
693	3287
694	2194
695	2200
696	2899
697	1884
698	4047
699	5164
700	2797
701	3746
702	6697
703	2699
704	3557
705	2118
706	1467
707	2605
708	1693
709	371
710	1714
711	4173
712	2844
713	4149
714	4594
715	2971
716	6379
717	140
718	2846
719	558
720	3358
721	2430
722	385
723	386
724	178
725	5513
726	2885
727	921
728	4466
729	837
730	2066
731	2065
732	314
733	735
734	4347
735	3129
736	1409
737	3128
738	4972
739	43
740	1827
741	6032
742	1342
743	1889
744	1337
745	1329
746	1335
747	1336
748	1267
749	1338
750	1339
751	2254
752	604
753	744
754	266
755	5713
756	3675
757	2411
758	5207
759	5545
760	5755
761	6194
762	4809
763	180
764	179
765	5497
766	5695
767	5308
768	6268
769	649
770	3983
771	2199
772	3733
773	1191
774	3730
775	2493
776	2370
777	2077
778	60
779	834
780	4039
781	3834
782	2012
783	1496
784	306
785	263
786	206
787	4036
788	1069
789	4037
790	2080
791	3162
792	4045
793	4052
794	426
795	2781
796	3771
797	4057
798	4061
799	4062
800	617
801	2169
802	4064
803	5054
804	4067
805	6570
806	1769
807	269
808	4066
809	612
810	1592
811	4042
812	3885
813	4060
814	4046
815	2052
816	3237
817	4043
818	5334
819	1700
820	3294
821	5872
822	777
823	3370
824	4038
825	1554
826	4040
827	4056
828	4063
829	1021
830	1765
831	3249
832	2876
833	2574
834	4192
835	3612
836	2831
837	755
838	5467
839	4200
840	5403
841	638
842	5484
843	1438
844	4453
845	3654
846	3655
847	4293
848	3729
849	2600
850	3728
851	4653
852	6359
853	2518
854	5498
855	4651
856	4650
857	6251
858	4157
859	4754
860	2874
861	5955
862	2873
863	1090
864	370
865	3069
866	5101
867	2678
868	363
869	3602
870	2196
871	3702
872	3703
873	350
874	2026
875	5837
876	650
877	889
878	1158
879	3011
880	3012
881	388
882	3013
883	3016
884	3018
885	1815
886	3019
887	2714
888	2740
889	3004
890	3014
891	16
892	3020
893	3005
894	3010
895	3017
896	3008
897	3366
898	4990
899	3833
900	1569
901	4372
902	6693
903	5559
904	5401
905	6453
906	1955
907	3777
908	2830
909	919
910	1327
911	972
912	4249
913	4629
914	4834
915	5203
916	5577
917	6058
918	5808
919	6441
920	6434
921	6636
922	2239
923	5556
924	969
925	4735
926	4543
927	2137
928	4738
929	4491
930	587
931	2213
932	967
933	4920
934	2703
935	5157
936	1240
937	4140
938	221
939	3381
940	6473
941	1032
942	4660
943	5729
944	3449
945	3779
946	3780
947	4015
948	239
949	258
950	248
951	1346
952	1735
953	5864
954	265
955	3406
956	236
957	1567
958	3182
959	387
960	4894
961	5305
962	1100
963	5835
964	2162
965	767
966	2157
967	4878
968	3160
969	1334
970	6023
971	6092
972	2409
973	890
974	2891
975	2893
976	342
977	6626
978	2226
979	3782
980	2597
981	836
982	1961
983	4487
984	2268
985	3507
986	4317
987	3678
988	5783
989	2267
990	2957
991	6082
992	6083
993	6084
994	5672
995	5673
996	1618
997	5676
998	5674
999	5675
1000	6160
1001	4644
1002	4916
1003	1492
1004	3430
1005	4871
1006	1978
1007	4872
1008	2121
1009	3809
1010	3811
1011	1616
1012	3812
1013	4274
1014	4270
1015	6349
1016	3049
1017	3808
1018	5877
1019	4965
1020	1289
1021	25
1022	1474
1023	4733
1024	4732
1025	4841
1026	3334
1027	1186
1028	6209
1029	5168
1030	5392
1031	5032
1032	3139
1033	4196
1034	3140
1035	30
1036	2220
1037	3819
1038	3820
1039	1773
1040	2954
1041	2190
1042	12
1043	151
1044	3279
1045	5007
1046	5717
1047	5036
1048	6097
1049	6149
1050	2552
1051	3823
1052	3824
1053	29
1054	1254
1055	5174
1056	5350
1057	3161
1058	5967
1059	5969
1060	2378
1061	2758
1062	2759
1063	495
1064	1677
1065	413
1066	2878
1067	1679
1068	2841
1069	4054
1070	2468
1071	3827
1072	620
1073	5721
1074	2206
1075	4025
1076	5081
1077	5600
1078	2561
1079	4703
1080	4667
1081	3615
1082	5251
1083	6692
1084	771
1085	2197
1086	3523
1087	5249
1088	2695
1089	4452
1090	6018
1091	2508
1092	2047
1093	2463
1094	4072
1095	4073
1096	3950
1097	3946
1098	2201
1099	2516
1100	3786
1101	2917
1102	3604
1103	2184
1104	760
1105	4559
1106	4112
1107	4113
1108	189
1109	3589
1110	2057
1111	6433
1112	1790
1113	4298
1114	4299
1115	3111
1116	4178
1117	2149
1118	3112
1119	3113
1120	2328
1121	1022
1122	5846
1123	4345
1124	4346
1125	464
1126	4551
1127	3388
1128	4696
1129	6137
1130	3714
1131	4943
1132	2324
1133	5294
1134	1044
1135	3219
1136	3639
1137	2731
1138	3572
1139	5544
1140	4286
1141	6273
1142	3751
1143	6701
1144	5470
1145	763
1146	6702
1147	6703
1148	4826
1149	4827
1150	4903
1151	1027
1152	2525
1153	2627
1154	6492
1155	3392
1156	436
1157	1728
1158	1738
1159	970
1160	1727
1161	1729
1162	393
1163	1739
1164	1734
1165	5267
1166	6621
1167	2119
1168	4991
1169	4992
1170	4993
1171	4994
1172	4995
1173	4996
1174	6689
1175	1424
1176	5780
1177	2720
1178	4434
1179	261
1180	2403
1181	830
1182	227
1183	770
1184	2476
1185	285
1186	3954
1187	384
1188	93
1189	3122
1190	4641
1191	4858
1192	6303
1193	1532
1194	3413
1195	3579
1196	5237
1197	1366
1198	448
1199	776
1200	2202
1201	4704
1202	2090
1203	669
1204	5754
1205	643
1206	5003
1207	4909
1208	4910
1209	2690
1210	2693
1211	6590
1212	4425
1213	784
1214	5824
1215	1992
1216	1581
1217	4220
1218	4427
1219	5490
1220	1594
1221	152
1222	2218
1223	1937
1224	589
1225	2991
1226	5391
1227	568
1228	1107
1229	6266
1230	3289
1231	3186
1232	2099
1233	4167
1234	452
1235	3335
1236	3521
1237	3375
1238	2076
1239	1369
1240	321
1241	3988
1242	2092
1243	3989
1244	2209
1245	5422
1246	4955
1247	4026
1248	3125
1249	3126
1250	3351
1251	5845
1252	1112
1253	6244
1254	2105
1255	6085
1256	905
1257	575
1258	4799
1259	741
1260	6426
1261	2822
1262	5116
1263	2677
1264	2440
1265	5988
1266	335
1267	3310
1268	5466
1269	1079
1270	1544
1271	3901
1272	4694
1273	6571
1274	4966
1275	4967
1276	2210
1277	3783
1278	148
1279	5560
1280	4171
1281	5430
1282	4964
1283	3485
1284	5255
1285	6125
1286	4742
1287	1522
1288	1446
1289	3420
1290	3756
1291	6240
1292	6241
1293	2756
1294	1643
1295	6242
1296	6140
1297	3685
1298	5590
1299	4267
1300	5049
1301	4904
1302	4816
1303	1885
1304	1887
1305	1888
1306	2172
1307	4906
1308	2234
1309	3458
1310	5120
1311	3961
1312	5051
1313	5052
1314	5125
1315	5126
1316	5269
1317	2701
1318	4468
1319	4469
1320	4471
1321	2367
1322	4472
1323	2231
1324	4474
1325	3009
1326	4475
1327	4476
1328	4477
1329	4478
1330	2498
1331	4483
1332	4484
1333	4467
1334	4485
1335	2539
1336	4486
1337	4230
1338	3404
1339	4488
1340	4482
1341	4492
1342	167
1343	3754
1344	4470
1345	4493
1346	5341
1347	4500
1348	4497
1349	3159
1350	1132
1351	4498
1352	4499
1353	2644
1354	4462
1355	4383
1356	4489
1357	5338
1358	2634
1359	5150
1360	23
1361	438
1362	552
1363	4767
1364	4768
1365	5976
1366	1472
1367	4795
1368	4523
1369	5069
1370	2595
1371	484
1372	2437
1373	3148
1374	3153
1375	1236
1376	3151
1377	2582
1378	556
1379	3154
1380	3157
1381	1452
1382	3167
1383	3163
1384	3164
1385	3168
1386	3158
1387	5582
1388	3170
1389	3156
1390	2204
1391	3171
1392	3172
1393	3150
1394	2195
1395	1464
1396	2227
1397	2488
1398	391
1399	4443
1400	310
1401	2050
1402	3336
1403	3337
1404	5232
1405	3338
1406	4330
1407	3515
1408	5591
1409	5447
1410	5137
1411	5138
1412	4944
1413	4945
1414	4942
1415	4946
1416	1461
1417	4947
1418	4948
1419	2458
1420	1627
1421	1298
1422	1795
1423	4349
1424	185
1425	2013
1426	2014
1427	1919
1428	5271
1429	6316
1430	5415
1431	5414
1432	6153
1433	4808
1434	5805
1435	5806
1436	4984
1437	6665
1438	6666
1439	5896
1440	6667
1441	4636
1442	3460
1443	4287
1444	2691
1445	64
1446	63
1447	825
1448	4239
1449	2028
1450	998
1451	5925
1452	6116
1453	2692
1454	1909
1455	5250
1456	5863
1457	709
1458	3547
1459	1877
1460	1134
1461	5815
1462	196
1463	3510
1464	5358
1465	4989
1466	1538
1467	286
1468	6600
1469	2021
1470	1979
1471	2987
1472	1880
1473	6367
1474	3053
1475	3627
1476	3277
1477	1305
1478	2313
1479	3488
1480	3838
1481	4008
1482	1131
1483	4315
1484	4570
1485	4607
1486	4797
1487	476
1488	4981
1489	893
1490	6101
1491	5031
1492	5110
1493	5789
1494	5154
1495	5371
1496	5411
1497	5716
1498	82
1499	3006
1500	5736
1501	3806
1502	3232
1503	5928
1504	6002
1505	6167
1506	6175
1507	6356
1508	425
1509	6516
1510	6517
1511	6533
1512	6614
1513	6640
1514	4208
1515	1840
1516	4263
1517	1308
1518	4277
1519	4325
1520	8
1521	5317
1522	6518
1523	146
1524	1881
1525	2380
1526	6324
1527	5636
1528	3407
1529	5737
1530	5329
1531	5981
1532	2273
1533	2888
1534	1698
1535	860
1536	2930
1537	2989
1538	5078
1539	807
1540	945
1541	5342
1542	1288
1543	1822
1544	6075
1545	466
1546	3853
1547	1948
1548	5684
1549	5023
1550	4139
1551	2986
1552	3209
1553	2049
1554	3535
1555	3577
1556	1779
1557	3578
1558	3580
1559	3581
1560	5682
1561	2709
1562	818
1563	819
1564	1915
1565	5273
1566	5337
1567	5379
1568	5942
1569	1485
1570	4236
1571	3645
1572	4124
1573	1966
1574	3231
1575	5227
1576	4961
1577	2788
1578	5228
1579	3349
1580	1634
1581	4163
1582	4251
1583	4552
1584	4252
1585	3509
1586	4150
1587	1772
1588	4248
1589	1110
1590	2275
1591	1008
1592	1007
1593	2767
1594	4574
1595	4088
1596	993
1597	6191
1598	6192
1599	6527
1600	5378
1601	722
1602	721
1603	1938
1604	3401
1605	3857
1606	2063
1607	492
1608	20
1609	6512
1610	6513
1611	5191
1612	5173
1613	351
1614	3750
1615	6508
1616	6283
1617	5161
1618	5160
1619	6189
1620	4780
1621	1019
1622	593
1623	4321
1624	4322
1625	4323
1626	3327
1627	4320
1628	293
1629	1560
1630	332
1631	2637
1632	832
1633	831
1634	3376
1635	2858
1636	1340
1637	5033
1638	5035
1639	5034
1640	5037
1641	5039
1642	5041
1643	5042
1644	5043
1645	6576
1646	5038
1647	2039
1648	5571
1649	1908
1650	2116
1651	2358
1652	2359
1653	6674
1654	1946
1655	3882
1656	5485
1657	5518
1658	5519
1659	3778
1660	6223
1661	936
1662	1715
1663	5728
1664	1005
1665	1135
1666	4404
1667	4406
1668	1798
1669	1797
1670	2362
1671	6020
1672	2391
1673	226
1674	1905
1675	6343
1676	6651
1677	1873
1678	2658
1679	2659
1680	584
1681	580
1682	5613
1683	3328
1684	597
1685	4283
1686	6225
1687	118
1688	6299
1689	3322
1690	2387
1691	244
1692	6437
1693	6664
1694	5088
1695	4938
1696	5089
1697	863
1698	5090
1699	6193
1700	3116
1701	1293
1702	5776
1703	5777
1704	6562
1705	4181
1706	2749
1707	2750
1708	2751
1709	2602
1710	4197
1711	3492
1712	433
1713	3748
1714	3962
1715	665
1716	3138
1717	468
1718	2549
1719	2652
1720	4582
1721	4774
1722	5690
1723	5773
1724	6290
1725	6366
1726	5921
1727	6672
1728	1641
1729	6682
1730	3373
1731	1645
1732	2173
1733	3598
1734	4581
1735	2132
1736	3323
1737	1201
1738	1197
1739	4652
1740	4450
1741	4449
1742	631
1743	630
1744	2953
1745	1475
1746	5883
1747	5884
1748	4290
1749	2481
1750	3120
1751	3804
1752	2870
1753	3801
1754	4304
1755	1159
1756	2706
1757	2214
1758	5899
1759	5900
1760	6013
1761	6014
1762	2901
1763	5384
1764	3437
1765	44
1766	45
1767	4710
1768	4711
1769	3412
1770	6591
1771	39
1772	3274
1773	475
1774	327
1775	2377
1776	2877
1777	2748
1778	3291
1779	5169
1780	5047
1781	5794
1782	535
1783	2492
1784	5159
1785	4307
1786	5252
1787	4305
1788	5253
1789	2054
1790	4373
1791	6176
1792	637
1793	6110
1794	3905
1795	4743
1796	4934
1797	2532
1798	545
1799	547
1800	6275
1801	5486
1802	1950
1803	3794
1804	1224
1805	494
1806	6569
1807	912
1808	2223
1809	6025
1810	5339
1811	5340
1812	5344
1813	1853
1814	5345
1815	5346
1816	5347
1817	5348
1818	5349
1819	5351
1820	5353
1821	5354
1822	5343
1823	5355
1824	5367
1825	635
1826	486
1827	5356
1828	2849
1829	694
1830	5357
1831	5359
1832	5360
1833	5361
1834	2368
1835	5362
1836	5363
1837	5364
1838	5365
1839	6390
1840	2215
1841	3697
1842	1405
1843	2024
1844	2023
1845	5818
1846	4433
1847	3555
1848	6077
1849	4035
1850	5916
1851	5848
1852	529
1853	437
1854	5885
1855	2718
1856	5929
1857	4876
1858	3971
1859	2216
1860	2219
1861	2228
1862	2221
1863	2222
1864	2230
1865	2205
1866	2217
1867	2225
1868	2193
1869	2207
1870	2208
1871	594
1872	2191
1873	2192
1874	671
1875	2203
1876	2233
1877	2232
1878	5500
1879	6296
1880	6297
1881	1974
1882	4575
1883	4913
1884	4914
1885	6130
1886	6226
1887	5807
1888	6292
1889	616
1890	6565
1891	5608
1892	3103
1893	5024
1894	3671
1895	6344
1896	6345
1897	1199
1898	4785
1899	1940
1900	3145
1901	68
1902	5241
1903	1650
1904	2775
1905	1647
1906	2632
1907	2628
1908	2629
1909	2633
1910	2635
1911	2636
1912	2638
1913	2642
1914	2643
1915	2646
1916	2649
1917	2647
1918	1070
1919	2626
1920	2648
1921	5908
1922	1623
1923	1833
1924	1921
1925	1923
1926	1920
1927	4879
1928	5493
1929	4309
1930	4765
1931	6121
1932	6122
1933	4169
1934	2833
1935	4973
1936	5196
1937	2342
1938	5661
1939	2739
1940	2742
1941	1444
1942	2743
1943	5751
1944	480
1945	992
1946	570
1947	571
1948	572
1949	574
1950	5644
1951	15
1952	241
1953	6378
1954	3859
1955	2406
1956	5879
1957	6099
1958	6100
1959	6098
1960	6102
1961	6671
1962	6103
1963	677
1964	582
1965	33
1966	4115
1967	1542
1968	6001
1969	3023
1970	6346
1971	6347
1972	827
1973	826
1974	3076
1975	5934
1976	333
1977	5605
1978	4310
1979	4429
1980	5452
1981	6350
1982	6707
1983	5477
1984	374
1985	6199
1986	6535
1987	6581
1988	3511
1989	3514
1990	3516
1991	3518
1992	3519
1993	3520
1994	1604
1995	3513
1996	2922
1997	3522
1998	2524
1999	718
2000	3425
2001	1968
2002	220
2003	3301
2004	3517
2005	472
2006	782
2007	1520
2008	299
2009	2348
2010	2381
2011	4074
2012	6578
2013	5236
2014	5235
2015	84
2016	5841
2017	6053
2018	2148
2019	2151
2020	2158
2021	4190
2022	2160
2023	2152
2024	2161
2025	2164
2026	4895
2027	5238
2028	4151
2029	1229
2030	5961
2031	1106
2032	5529
2033	2614
2034	3395
2035	3398
2036	3399
2037	440
2038	3402
2039	1602
2040	3400
2041	5748
2042	2438
2043	6304
2044	6224
2045	5239
2046	2733
2047	2732
2048	5277
2049	499
2050	504
2051	4152
2052	3855
2053	3854
2054	5510
2055	805
2056	4940
2057	2282
2058	610
2059	746
2060	2071
2061	6078
2062	4987
2063	6155
2064	2760
2065	3651
2066	2617
2067	2619
2068	2679
2069	4513
2070	515
2071	4713
2072	5218
2073	5831
2074	6234
2075	2618
2076	3147
2077	1768
2078	3608
2079	1767
2080	5666
2081	2836
2082	5530
2083	6631
2084	2902
2085	3530
2086	3044
2087	5825
2088	3276
2089	5628
2090	2030
2091	6509
2092	254
2093	5572
2094	5573
2095	5579
2096	5580
2097	5581
2098	1497
2099	4817
2100	4850
2101	398
2102	5583
2103	1050
2104	1231
2105	762
2106	5866
2107	6511
2108	3674
2109	3324
2110	3423
2111	1793
2112	4585
2113	2288
2114	4430
2115	5045
2116	113
2117	958
2118	4111
2119	2235
2120	554
2121	1141
2122	2480
2123	5974
2124	1345
2125	3883
2126	5670
2127	3127
2128	5970
2129	3599
2130	6522
2131	4082
2132	6523
2133	944
2134	6207
2135	5843
2136	4198
2137	243
2138	3321
2139	1295
2140	5632
2141	3920
2142	3486
2143	5944
2144	6505
2145	530
2146	4701
2147	4524
2148	4338
2149	4340
2150	4342
2151	3084
2152	4339
2153	4012
2154	2163
2155	3354
2156	907
2157	906
2158	1203
2159	2341
2160	5148
2161	5149
2162	5657
2163	6318
2164	6422
2165	4583
2166	1318
2167	6504
2168	3788
2169	1391
2170	2478
2171	3027
2172	748
2173	790
2174	202
2175	3500
2176	1922
2177	1564
2178	3491
2179	4376
2180	4614
2181	6704
2182	4375
2183	5569
2184	5772
2185	2952
2186	326
2187	4755
2188	1042
2189	5515
2190	3724
2191	3494
2192	5891
2193	5892
2194	5893
2195	1041
2196	2717
2197	5146
2198	4155
2199	5760
2200	1480
2201	3054
2202	131
2203	5881
2204	930
2205	1742
2206	5890
2207	6237
2208	3055
2209	5170
2210	3256
2211	2397
2212	5172
2213	5202
2214	5689
2215	17
2216	2291
2217	3784
2218	3879
2219	5319
2220	4917
2221	6352
2222	6353
2223	6601
2224	6368
2225	3990
2226	6397
2227	6398
2228	6428
2229	6429
2230	5402
2231	3416
2232	5677
2233	1513
2234	3970
2235	3689
2236	6623
2237	622
2238	934
2239	2410
2240	3265
2241	4659
2242	5025
2243	4326
2244	3564
2245	367
2246	6480
2247	4847
2248	3058
2249	3057
2250	6132
2251	1489
2252	4510
2253	5964
2254	5998
2255	6531
2256	2340
2257	2794
2258	1086
2259	1683
2260	829
2261	4142
2262	5758
2263	365
2264	375
2265	457
2266	4628
2267	5060
2268	6250
2269	6402
2270	6708
2271	5248
2272	618
2273	4796
2274	3977
2275	320
2276	2141
2277	2770
2278	1918
2279	4278
2280	994
2281	1311
2282	2241
2283	3876
2284	491
2285	6630
2286	2025
2287	2533
2288	3873
2289	3871
2290	4154
2291	4503
2292	4505
2293	6376
2294	5865
2295	3115
2296	5240
2297	3995
2298	1511
2299	6498
2300	808
2301	79
2302	6525
2303	6526
2304	6686
2305	6687
2306	6567
2307	6502
2308	4999
2309	3361
2310	1856
2311	6528
2312	2261
2313	442
2314	302
2315	1029
2316	4164
2317	1257
2318	5521
2319	5629
2320	5631
2321	5634
2322	5635
2323	5637
2324	5630
2325	821
2326	1210
2327	3705
2328	5440
2329	4134
2330	1745
2331	3951
2332	4979
2333	5074
2334	4233
2335	5633
2336	2650
2337	2956
2338	5420
2339	4642
2340	1802
2341	954
2342	4933
2343	2044
2344	6386
2345	3884
2346	6210
2347	5522
2348	1575
2349	2568
2350	1723
2351	6008
2352	2353
2353	5711
2354	4006
2355	1310
2356	1312
2357	1319
2358	3302
2359	1306
2360	1313
2361	1188
2362	1085
2363	1273
2364	1458
2365	5769
2366	4880
2367	4873
2368	1277
2369	1276
2370	592
2371	5816
2372	5617
2373	3672
2374	4156
2375	423
2376	284
2377	4528
2378	1001
2379	6050
2380	6217
2381	1731
2382	6095
2383	3201
2384	56
2385	1118
2386	5488
2387	156
2388	2578
2389	951
2390	3868
2391	950
2392	5204
2393	5073
2394	5821
2395	6233
2396	6613
2397	3973
2398	4556
2399	5461
2400	717
2401	5388
2402	215
2403	5492
2404	4807
2405	5475
2406	5474
2407	740
2408	4815
2409	4204
2410	1583
2411	403
2412	2434
2413	6041
2414	2323
2415	4182
2416	408
2417	409
2418	463
2419	2396
2420	3649
2421	5501
2422	5502
2423	5503
2424	5504
2425	5505
2426	4504
2427	4464
2428	2814
2429	5876
2430	2469
2431	5098
2432	2470
2433	2752
2434	2994
2435	6123
2436	3403
2437	1437
2438	4661
2439	5873
2440	566
2441	565
2442	2372
2443	4818
2444	4819
2445	4820
2446	4821
2447	4822
2448	5229
2449	1136
2450	2683
2451	2686
2452	2687
2453	4655
2454	5725
2455	6486
2456	2681
2457	3725
2458	2886
2459	5642
2460	901
2461	900
2462	6274
2463	290
2464	3684
2465	929
2466	928
2467	4699
2468	4949
2469	6445
2470	961
2471	956
2472	957
2473	4080
2474	6157
2475	1152
2476	1153
2477	1607
2478	1608
2479	2061
2480	2823
2481	3313
2482	1660
2483	1659
2484	1761
2485	3646
2486	6086
2487	3093
2488	4665
2489	369
2490	6650
2491	1811
2492	1810
2493	804
2494	811
2495	3686
2496	3927
2497	4250
2498	5230
2499	798
2500	4542
2501	2364
2502	802
2503	814
2504	5061
2505	3706
2506	3707
2507	663
2508	5867
2509	6033
2510	3452
2511	3453
2512	2832
2513	4331
2514	5979
2515	1234
2516	2734
2517	5907
2518	2265
2519	3816
2520	4158
2521	6173
2522	4350
2523	4351
2524	1045
2525	1385
2526	2138
2527	2140
2528	2139
2529	3108
2530	3904
2531	4174
2532	6154
2533	6277
2534	4379
2535	4589
2536	5139
2537	2327
2538	1748
2539	6252
2540	768
2541	2306
2542	1624
2543	1626
2544	1629
2545	1631
2546	1632
2547	1633
2548	1637
2549	1638
2550	1640
2551	1848
2552	1847
2553	1144
2554	1149
2555	3461
2556	3462
2557	3463
2558	3464
2559	1147
2560	6389
2561	6416
2562	4900
2563	4716
2564	4717
2565	4718
2566	4212
2567	4719
2568	1175
2569	4479
2570	4397
2571	3089
2572	5053
2573	2022
2574	5551
2575	2108
2576	2107
2577	2126
2578	5768
2579	6401
2580	6627
2581	2179
2582	2180
2583	3038
2584	3035
2585	5380
2586	6168
2587	6169
2588	6170
2589	3939
2590	5476
2591	5894
2592	5201
2593	6071
2594	2453
2595	2452
2596	6076
2597	58
2598	4490
2599	2483
2600	6143
2601	2109
2602	5331
2603	5655
2604	3887
2605	3886
2606	4950
2607	6363
2608	4222
2609	6118
2610	3499
2611	3498
2612	5799
2613	6327
2614	1639
2615	5121
2616	3831
2617	4187
2618	4970
2619	4159
2620	2502
2621	2503
2622	6400
2623	3688
2624	3269
2625	4463
2626	2187
2627	4919
2628	4921
2629	5214
2630	1842
2631	2435
2632	2439
2633	5730
2634	5840
2635	3330
2636	5523
2637	823
2638	824
2639	743
2640	6456
2641	6457
2642	6458
2643	6459
2644	6460
2645	6461
2646	6462
2647	6463
2648	6464
2649	6465
2650	6466
2651	6467
2652	932
2653	3709
2654	4257
2655	4389
2656	6142
2657	2031
2658	5264
2659	2522
2660	2001
2661	3073
2662	6340
2663	1543
2664	1546
2665	3480
2666	2520
2667	6045
2668	3548
2669	5860
2670	6253
2671	5685
2672	4160
2673	3947
2674	3948
2675	5449
2676	5471
2677	6105
2678	5472
2679	5526
2680	1775
2681	6634
2682	5923
2683	4231
2684	6114
2685	5123
2686	4225
2687	3979
2688	5612
2689	6030
2690	6438
2691	4387
2692	4388
2693	3132
2694	3131
2695	3800
2696	1353
2697	4413
2698	1746
2699	1747
2700	1750
2701	6308
2702	4855
2703	4123
2704	4295
2705	2547
2706	2546
2707	6427
2708	1431
2709	6478
2710	751
2711	2072
2712	5336
2713	603
2714	4284
2715	1102
2716	3483
2717	1145
2718	5994
2719	6238
2720	6616
2721	5225
2722	6019
2723	2456
2724	6117
2725	3149
2726	3690
2727	6545
2728	3268
2729	2573
2730	2575
2731	2669
2732	2668
2733	3360
2734	6106
2735	544
2736	3264
2737	920
2738	4622
2739	3858
2740	6034
2741	3074
2742	5199
2743	6538
2744	2765
