0 1
2 3
4 5
6 7
8 9
10 11
12 13
14 15
16 17
18 19
20 21
20 22
18 23
24 25
26 27
28 29
30 31
32 33
34 35
36 37
38 39
36 10
40 41
42 43
44 45
46 47
44 48
0 49
50 51
52 53
50 54
55 56
57 58
59 60
61 62
61 63
16 64
65 66
67 68
67 69
16 66
70 71
29 72
73 74
75 76
77 78
79 80
81 82
83 56
32 84
32 85
86 87
37 88
89 90
91 92
93 85
94 95
96 97
98 99
100 86
101 102
81 103
104 105
106 107
106 108
109 110
111 112
113 114
113 115
116 117
116 118
119 114
116 120
119 115
116 121
122 123
92 124
122 125
126 127
128 129
130 131
132 133
134 135
136 137
138 139
140 141
142 110
143 144
145 146
147 148
65 149
150 151
65 152
153 154
155 156
157 158
157 159
160 161
111 162
163 164
165 166
83 167
168 169
170 171
172 29
173 174
128 175
108 176
177 178
177 179
94 180
177 181
94 182
183 184
185 186
187 188
189 190
191 192
193 161
194 195
194 196
197 198
73 199
73 200
201 202
203 37
204 205
65 206
203 10
207 208
209 210
211 212
65 213
77 60
214 215
216 217
104 218
216 219
220 221
220 222
223 224
160 225
226 227
50 228
229 230
231 232
233 234
235 236
83 15
235 237
35 238
113 239
59 240
149 241
119 242
243 2
173 244
245 246
187 247
229 248
229 249
250 251
252 253
254 255
256 257
256 258
259 260
261 6
262 263
65 264
160 265
28 31
266 39
267 268
267 269
267 270
271 272
273 274
275 59
273 276
149 163
277 278
279 280
281 282
283 284
285 201
193 265
285 55
65 286
100 287
100 288
289 290
100 172
291 292
293 44
294 295
271 296
271 297
83 298
299 300
301 302
303 304
305 132
306 307
308 254
309 37
309 10
100 310
311 312
313 314
315 238
316 317
318 319
190 320
287 321
63 322
318 323
324 325
326 327
217 328
318 329
330 331
332 333
330 334
239 335
336 337
336 338
291 339
291 340
341 342
343 344
345 346
104 26
66 133
347 348
66 349
347 350
165 351
352 353
354 355
356 357
352 358
359 154
83 360
184 361
272 362
363 3
243 33
364 124
365 254
366 117
308 367
115 241
368 369
370 371
115 372
285 373
285 56
374 229
10 375
376 104
377 378
364 379
51 54
380 381
382 383
384 385
384 386
387 388
389 390
352 391
389 392
389 393
66 105
347 73
138 394
395 396
395 397
398 399
149 141
400 333
401 402
83 403
400 404
243 84
405 406
243 85
407 408
409 214
410 411
374 248
115 163
374 249
412 413
366 414
415 416
417 418
419 420
421 422
423 424
425 426
427 428
425 136
429 430
431 432
433 434
431 435
436 437
433 207
438 439
440 441
442 443
444 247
445 446
447 448
449 450
451 452
453 345
83 454
455 456
124 320
457 458
457 309
459 460
461 462
459 463
66 464
465 24
466 467
132 124
468 118
469 470
471 472
473 310
474 40
10 475
476 477
194 242
387 478
479 2
480 481
482 483
348 484
231 176
271 341
231 392
7 485
457 203
301 486
487 488
487 489
487 490
487 491
487 492
493 494
435 495
496 497
498 499
498 44
500 3
501 502
503 504
274 505
506 263
507 508
509 510
509 511
512 513
482 514
74 515
516 83
517 518
519 520
437 477
521 522
523 524
525 526
201 55
527 528
529 241
530 531
459 483
532 533
140 23
534 535
536 18
536 537
10 538
18 101
539 540
473 117
473 118
541 177
503 542
541 179
473 121
447 198
543 470
544 545
148 546
547 188
548 549
548 550
551 552
313 252
553 43
492 554
492 555
556 458
556 309
172 557
558 559
560 3
440 141
347 561
347 562
83 563
83 564
565 566
567 568
569 570
264 571
572 215
247 573
574 444
191 575
576 577
529 163
254 578
307 579
580 15
581 16
581 17
311 582
206 104
536 19
536 529
311 95
239 583
584 585
586 498
537 164
587 588
589 29
376 115
197 184
387 590
492 591
592 35
556 203
308 593
166 282
499 45
499 48
33 594
595 596
597 51
595 598
201 56
599 5
98 600
601 602
601 603
604 27
605 64
581 64
605 66
606 607
581 311
608 609
311 610
311 476
206 611
612 613
614 324
615 557
616 617
618 619
620 621
622 623
622 624
625 626
627 628
629 630
459 261
33 631
632 241
632 372
633 634
474 635
636 174
459 204
311 180
311 182
637 396
638 526
194 353
639 304
194 640
35 309
641 642
616 643
616 644
645 450
646 647
648 649
650 651
652 653
654 655
656 139
347 657
98 147
98 148
605 149
287 87
35 37
110 651
35 10
658 659
660 33
213 241
213 372
661 662
516 663
141 664
30 29
482 6
424 101
665 666
665 315
60 667
33 668
652 669
670 671
670 672
652 673
305 674
98 675
676 677
676 678
679 388
605 206
580 513
680 681
580 682
683 684
605 213
685 686
687 175
685 688
266 662
110 124
689 690
691 692
213 163
660 85
633 693
109 694
647 464
695 26
696 590
697 698
95 180
95 182
699 245
699 246
700 190
701 496
464 702
703 704
115 705
115 424
706 707
706 708
459 709
605 264
710 711
710 712
206 114
206 115
713 714
586 715
716 47
717 718
717 703
495 236
16 719
233 720
721 702
440 424
722 723
470 724
549 550
437 725
726 727
726 728
726 298
458 309
729 730
731 732
677 454
2 660
463 733
197 380
240 734
735 210
2 736
735 737
735 322
2 738
115 739
613 740
586 45
741 742
2 743
586 48
744 745
746 747
746 748
92 400
749 750
751 752
314 753
754 470
239 440
755 756
757 758
458 37
458 10
276 512
276 347
759 130
614 325
760 336
760 337
761 94
760 338
762 763
764 342
73 133
512 348
73 349
512 350
213 141
765 766
767 768
366 769
366 487
366 488
366 489
366 491
366 492
770 771
770 772
559 2
770 773
770 527
770 528
774 775
322 46
402 776
777 778
779 733
114 241
780 369
781 782
783 266
114 372
783 784
304 83
785 229
464 346
786 415
484 95
786 787
132 104
788 463
789 790
512 73
791 792
793 794
189 91
795 408
796 797
798 247
799 800
801 802
785 249
803 37
272 804
803 10
786 416
805 549
305 806
2 807
808 192
2 594
132 83
132 611
809 810
490 554
490 555
731 811
812 813
281 539
138 209
814 815
372 695
814 816
817 568
818 819
392 393
818 576
442 820
818 577
821 74
822 823
189 92
736 824
825 826
827 828
829 830
801 295
83 831
832 833
834 143
835 836
837 838
839 840
332 460
700 434
700 207
484 180
484 182
841 842
512 843
844 845
2 631
490 591
186 665
846 847
848 849
850 221
850 222
851 703
788 483
52 507
852 853
854 855
856 857
825 858
447 859
860 861
267 707
862 863
769 487
769 488
700 864
769 489
865 866
769 490
769 491
108 75
769 492
867 637
321 117
321 118
64 868
64 345
869 870
871 872
4 523
372 440
52 508
873 874
846 875
873 876
18 104
374 230
109 877
227 462
479 558
632 65
632 132
402 161
878 100
879 880
878 86
332 483
868 881
282 539
735 533
882 581
883 53
884 885
2 668
19 886
884 861
466 887
888 889
147 546
890 188
891 892
18 83
893 894
18 611
52 696
479 559
512 561
512 562
821 515
66 104
895 844
896 897
898 571
899 900
119 901
119 695
264 164
165 539
19 163
632 902
903 904
903 905
506 906
30 116
907 908
909 15
910 911
912 913
409 581
302 914
915 916
915 788
132 115
917 918
372 571
917 666
287 288
919 399
52 661
197 920
788 204
213 424
921 922
923 84
66 196
924 618
583 925
138 926
28 30
927 636
28 172
116 928
927 679
165 282
116 366
927 388
929 36
930 931
446 317
595 932
632 536
632 18
44 844
402 265
632 537
44 845
878 589
878 28
743 33
790 704
933 934
82 103
935 936
64 610
64 476
684 937
938 939
940 941
4 942
940 741
919 680
217 219
919 943
944 620
944 621
97 945
825 162
946 947
163 948
135 949
113 950
669 193
720 174
172 307
113 440
172 951
669 952
119 310
953 954
119 950
455 372
632 19
632 140
701 745
743 85
302 955
112 162
915 572
956 304
94 806
915 4
957 958
52 959
143 191
960 158
961 962
963 964
965 184
966 967
854 968
969 367
970 648
116 769
116 487
970 649
971 972
116 489
971 39
97 973
116 491
455 163
19 141
974 95
974 110
878 287
119 167
878 288
878 30
878 172
189 110
975 460
975 463
976 955
915 975
941 977
10 260
197 651
285 842
474 590
978 196
979 47
978 83
737 322
32 2
788 709
615 307
615 951
508 980
981 177
163 164
113 571
982 983
982 984
985 845
119 571
694 761
15 986
987 988
743 668
597 50
350 513
909 682
989 641
895 715
281 990
989 642
895 991
957 992
652 993
994 995
994 996
994 997
500 660
312 998
373 464
23 239
999 353
999 358
1000 351
947 1001
947 1002
276 513
15 1003
15 1004
242 901
1005 504
54 1006
1005 1007
1005 1008
1009 1010
66 115
694 94
1011 245
1012 190
590 1013
1014 1015
1014 1016
1017 1018
1019 1020
1019 1021
1022 307
1022 951
114 424
457 1023
100 117
895 499
196 242
100 118
578 1024
895 1025
332 6
895 48
100 121
332 709
1026 496
176 892
868 1027
975 483
994 1028
994 1029
883 1030
194 901
928 366
885 400
1031 1032
1033 1034
1035 1036
999 391
1037 678
1005 1038
1005 1039
1040 1041
1040 809
488 554
488 555
1042 1043
1042 1044
83 436
264 286
529 105
460 523
1045 1046
1047 1048
824 33
975 1035
1049 499
614 1050
1049 44
1051 1052
1053 428
1054 27
1055 1056
436 1057
476 1058
791 1059
1060 899
1061 1062
1063 1064
488 591
1065 1066
1067 1068
356 1069
1070 1071
295 757
83 1072
83 164
272 710
1073 1074
32 486
1075 1076
1077 763
491 117
1078 1079
119 1080
325 165
119 113
824 85
173 1081
63 506
928 769
928 487
928 488
500 594
928 489
103 1082
928 491
1083 1084
382 854
955 3
389 1085
1086 1087
271 1088
1089 523
15 682
1090 845
1091 1092
63 1093
63 637
136 1094
882 190
42 452
916 463
975 204
500 631
1095 397
613 581
613 16
1096 687
1097 1098
194 167
647 429
16 95
1099 408
16 110
1100 1101
380 247
393 1085
1102 1103
1104 801
560 33
387 1105
1106 472
1107 1108
271 804
83 519
1107 1109
1110 1111
128 947
1112 812
602 1113
1112 813
857 1114
1115 1116
1117 1118
857 1119
1120 832
409 190
1085 1121
390 392
613 64
390 393
119 130
514 6
16 610
514 709
25 1122
978 239
380 722
249 230
92 525
615 72
558 660
560 84
560 85
684 1123
1124 463
1125 265
982 1126
1127 1128
982 850
189 1098
36 1129
243 363
243 302
1130 1131
172 1132
1133 1134
288 117
288 468
288 118
288 120
173 1135
1136 1137
1126 221
288 121
1126 222
916 483
1138 52
1138 507
500 668
86 928
86 366
764 341
35 457
35 1023
1139 387
65 163
1037 1088
197 399
1140 454
647 101
765 1141
1142 684
1093 637
1143 1144
411 117
411 118
411 121
683 509
1145 1146
187 1147
1145 541
783 1148
1145 1149
1145 1150
511 1151
180 182
241 440
325 608
1152 134
325 609
1138 508
1152 135
1152 949
1153 167
916 1035
975 709
1154 890
1154 547
613 194
174 1155
459 1156
1157 742
1048 150
143 808
1048 151
1158 595
788 1067
455 65
455 132
1159 1160
1161 843
1161 843
1162 1163
195 196
1161 1164
282 1000
195 83
19 529
19 140
348 1165
1166 1167
1168 1169
511 1142
1145 177
243 914
19 831
1170 1171
98 546
459 524
1172 226
1173 1174
1175 1176
1173 1177
376 950
482 572
376 1178
1179 1180
67 1181
174 244
86 489
213 218
86 491
1154 1182
1154 1127
226 1183
1184 60
1185 510
571 182
1186 1187
891 1188
1060 900
1189 1043
558 594
1189 1044
347 1190
288 411
288 116
1191 1192
1080 27
554 555
556 375
241 571
840 390
840 393
63 1193
1194 971
311 806
482 975
1195 1196
799 1066
1197 1198
411 928
1199 184
152 206
411 366
276 348
65 141
259 36
152 213
558 631
106 361
952 776
58 1200
589 31
455 536
1201 1202
455 18
455 537
972 39
1080 880
554 591
1203 509
565 3
189 409
1204 1205
1206 1207
461 1208
611 241
611 372
511 941
572 1209
243 955
243 486
683 617
1210 1211
1135 1212
1213 1214
1172 227
1195 1215
1216 1217
1197 1042
399 680
701 1218
73 187
276 73
197 1219
736 566
1220 464
152 264
635 1013
1221 1222
1221 1026
152 441
221 222
455 19
455 529
347 1223
347 1224
347 1225
1226 1227
347 1161
558 243
1226 1228
1206 888
1229 1230
124 400
1231 1232
1233 957
1233 958
368 1234
368 1235
292 1236
1237 1238
769 554
769 555
1030 635
372 101
1239 122
993 193
1240 1241
993 952
411 769
1242 1243
411 487
411 489
791 1244
411 491
558 668
498 844
1245 1246
498 845
194 1247
558 560
558 32
1248 223
1062 333
195 115
33 363
33 302
1249 1250
1093 1193
841 201
271 362
841 55
139 926
1251 463
209 198
292 339
766 1252
928 117
95 806
928 120
769 591
1253 1065
73 988
197 196
1254 1255
206 373
560 2
1256 1257
476 1258
916 709
1259 981
1259 1260
1049 844
1049 845
1261 1262
220 983
1263 469
220 984
489 117
761 519
109 761
516 234
825 1100
707 708
1264 715
1265 641
1264 991
1265 642
556 538
1266 1267
1192 1268
368 616
800 1253
368 617
800 691
928 307
1035 514
928 414
140 239
55 1269
409 1213
409 1270
550 1271
482 332
1272 513
109 94
1273 1199
1274 1011
1274 699
1274 245
1274 246
381 247
947 687
952 161
1275 365
1275 254
1276 1277
750 210
37 11
1278 388
119 66
1279 173
898 264
1264 1025
1264 48
139 1280
350 561
1281 1282
611 141
271 665
271 666
1251 483
271 315
271 238
1283 1284
189 613
368 643
368 644
94 484
1285 854
1286 1033
1286 1034
1287 1288
1289 1290
1291 471
1291 1106
1289 64
1289 311
1273 184
276 561
276 562
1061 456
293 985
952 225
1275 717
1120 1292
905 1293
1294 1188
1295 1296
1297 1298
113 164
524 1299
1297 1300
559 33
1251 514
549 1084
1301 1302
1301 1303
752 1304
1305 1306
432 435
883 143
1307 1308
373 1309
373 796
91 190
373 797
1310 902
1310 969
406 1212
65 132
14 345
65 376
886 1311
886 1312
1223 513
518 417
738 500
1313 1314
1189 1315
1316 548
483 1317
952 265
1096 946
113 149
1278 478
113 152
119 194
119 152
407 1318
559 631
113 1319
166 1000
738 807
738 33
62 506
1244 792
1320 812
1246 1321
797 846
1232 1322
1232 1323
984 221
984 222
364 1324
1325 1086
1325 1087
1316 549
1326 1327
1316 550
113 206
83 1169
30 557
990 539
34 309
113 213
119 206
149 114
260 1328
815 816
149 115
301 565
119 213
62 1093
738 85
895 586
915 463
484 806
976 824
1224 843
1224 843
500 421
1224 1164
500 422
209 750
581 95
1329 1330
24 901
1331 1332
1333 1334
392 1085
65 18
65 537
1335 1104
1335 801
104 695
1139 1105
341 804
1336 1108
1336 1109
571 424
34 37
34 10
1337 1110
1337 1111
113 898
113 264
17 320
119 898
119 264
64 1258
580 1027
805 1084
512 158
1049 586
1338 1339
6 709
1035 6
1340 1122
846 1341
605 241
56 1342
65 19
65 529
59 1343
220 1126
638 1344
220 850
17 124
113 286
1278 590
83 1345
615 1022
30 1132
1346 1347
1348 1135
470 1349
525 404
738 668
243 560
243 32
477 1350
191 1013
915 483
1351 1352
1353 273
1353 274
100 928
183 1354
100 366
581 180
1018 1355
581 182
604 456
1356 1357
24 1326
788 524
1358 1359
104 1178
1037 801
1360 1361
1360 1216
1362 1148
1060 979
754 1349
1363 1364
611 424
364 1153
364 167
915 1035
915 514
1365 1366
2 363
1367 1368
2 302
232 1369
232 1370
187 890
1135 535
512 657
187 547
1371 1372
1018 859
792 1373
1374 1375
1376 804
1377 821
1235 616
1235 617
2 421
223 576
447 83
213 164
379 1378
1379 1380
1208 255
1381 277
974 903
83 52
510 1142
613 1378
613 1382
547 1383
189 903
632 119
1081 1384
1180 79
1385 1386
534 1348
636 388
132 440
64 881
148 99
100 769
794 346
1023 929
1387 1197
100 487
1122 741
100 489
100 491
593 1388
1023 36
1172 1183
1235 643
1235 644
45 844
45 845
1389 1302
1390 1391
512 1190
512 960
380 919
287 411
287 116
878 615
483 514
1392 1192
1272 276
646 64
348 350
248 1393
248 1394
248 1395
1396 1397
1012 700
37 375
632 104
647 436
647 437
196 901
1081 1398
1265 989
987 234
553 1024
718 703
839 393
38 971
62 1193
909 1399
512 1384
1400 1401
473 928
1387 1198
2 914
473 366
1272 348
193 673
1402 1403
59 734
1121 1075
57 1200
1404 1199
348 73
348 66
632 195
865 1405
865 1406
865 1407
618 608
198 357
618 609
1408 1409
198 1341
394 1410
632 611
198 430
1411 1412
1413 727
1411 1414
1413 728
1413 298
512 1398
1387 1042
588 1415
372 436
213 104
1157 1416
239 1417
257 1418
1404 184
18 373
0 1419
0 431
71 913
512 1223
916 467
512 1224
512 1225
447 357
1038 1420
512 1161
1421 1227
1421 1228
438 1422
1422 751
17 862
401 160
37 475
382 1423
1193 52
1424 1425
578 805
214 1213
632 1180
214 1270
578 1313
1426 1239
311 94
1427 1428
2 955
2 486
759 1429
473 490
436 1430
376 66
258 1431
213 611
18 950
503 1166
479 560
183 965
479 32
728 298
1432 223
1422 1304
1432 224
1348 1433
401 1434
776 1435
756 502
1436 791
14 164
1437 1256
1438 805
1437 1257
1438 1316
610 903
915 6
915 709
311 484
709 1299
941 1151
653 160
754 1263
754 469
16 1439
514 524
162 1321
1440 789
661 266
661 784
771 772
771 773
1402 704
771 527
893 234
979 46
771 528
1100 1441
1442 1257
1272 512
1272 347
1009 759
188 1147
188 1443
188 441
1309 797
194 908
799 1253
1444 760
799 1065
1444 336
1444 337
1444 338
776 1125
1445 1446
1080 1447
216 1442
1235 369
1438 549
1438 550
632 113
187 744
266 784
941 1448
941 1449
143 635
1450 1451
376 149
653 1434
1452 1425
517 1453
376 152
846 1324
1454 1455
18 15
1080 66
571 423
516 233
483 6
483 709
83 1418
348 561
348 562
165 1050
487 87
1120 833
124 525
1456 835
1456 836
776 1457
632 115
1193 661
1244 1059
1458 1459
345 15
1460 1461
1101 789
1101 790
975 524
376 206
263 1462
1272 561
1272 562
796 357
700 613
1463 1464
1463 1465
1466 879
1467 1468
1467 1469
1470 1471
94 339
605 65
580 868
605 376
182 681
848 162
605 424
376 264
1472 1317
213 114
213 115
883 1138
883 52
883 507
921 1473
1080 152
1054 601
795 407
795 1318
517 1300
1289 1474
165 1000
503 920
1475 1476
1477 410
1475 1478
1404 1273
401 1435
1466 880
1465 1215
1183 462
582 185
582 186
297 885
983 221
983 222
120 1479
120 121
1069 357
883 508
878 1035
1080 206
1405 1407
1480 565
288 310
509 1481
592 458
1080 213
509 1185
592 309
1080 841
1473 1482
223 1483
1264 844
1484 1485
537 149
165 1450
1486 1411
1107 1487
898 164
779 460
1088 1182
401 1125
161 1435
493 164
463 483
390 1085
589 28
1488 1335
1128 917
764 804
1489 1490
197 978
592 203
450 1491
1462 1492
1493 961
54 1494
1462 1495
17 196
883 696
278 1496
656 1303
1080 113
656 926
387 775
1080 264
1497 1498
405 1499
1500 1501
1502 1503
1504 243
499 844
499 845
401 1457
774 1505
317 1506
273 247
1233 83
161 1125
264 241
173 1507
1403 1508
605 19
605 529
610 904
1274 1509
1274 1510
16 124
653 1125
1080 286
1278 1505
1154 1147
695 571
878 1022
965 1404
1060 761
502 1511
558 736
537 898
30 307
558 738
537 264
30 951
19 909
1512 153
558 743
779 915
203 1240
1225 1161
1505 775
261 1156
1363 1358
632 1513
523 733
656 1411
161 1457
1514 1150
264 163
511 940
234 920
589 30
589 172
465 1326
916 524
206 213
350 1165
1515 1516
1517 1518
653 1457
744 1414
1493 962
744 1519
1037 704
482 5
19 195
560 363
696 1520
236 1521
1040 1522
565 85
700 1017
83 1140
700 1517
1369 1370
114 115
774 1523
1514 177
148 600
852 1524
673 160
142 1525
4 463
325 1526
206 285
219 450
1527 866
637 1528
207 356
1472 483
207 864
206 264
210 737
1529 1381
1529 277
472 117
197 357
472 118
461 1530
1278 1523
472 121
1208 988
878 307
512 1335
878 951
1154 1531
825 1142
1197 1532
138 328
347 1081
965 1273
462 1533
1534 1535
1536 1537
779 4
293 845
1179 79
1189 674
109 1346
109 1347
720 866
0 1538
991 844
64 580
673 1434
459 5
457 36
637 1539
206 286
332 710
555 591
1203 1540
1541 998
1290 582
1290 1287
1542 680
559 560
559 32
1543 1498
1544 1545
646 436
1546 1010
646 1547
646 1548
646 437
275 1024
1549 1550
1549 680
560 914
421 33
682 90
1551 1231
1161 657
841 285
64 453
64 195
309 1240
735 532
976 301
976 566
975 599
900 1552
1222 1026
534 1553
1222 496
4 483
561 843
561 1164
1085 1075
518 1554
262 506
1555 1556
1290 610
599 1557
1558 1559
1399 1530
455 195
516 197
924 608
455 83
924 609
455 611
487 554
195 373
487 555
1486 1412
1166 858
421 85
1003 1004
0 1560
975 459
50 1494
1135 1561
1389 0
4 514
463 709
1184 77
1376 1562
262 1093
901 130
473 321
197 1563
473 1291
558 363
473 471
558 302
473 1106
487 591
473 472
28 307
28 951
1564 1565
812 1566
17 242
556 36
1567 1568
1227 1569
586 844
586 845
808 1013
1570 1133
1570 1134
132 66
63 661
286 115
1571 192
593 255
1572 1573
407 1159
407 1160
1574 1575
953 385
1425 1566
602 603
1576 1577
30 72
34 457
34 1023
1576 1447
1189 1578
421 668
1234 1236
206 429
307 951
93 923
93 1480
1579 1580
1579 1261
1579 1581
140 571
6 524
380 573
1132 306
1287 610
1582 1119
1494 228
639 1148
1340 25
1283 1423
1546 1009
542 448
345 464
1546 759
646 429
226 70
226 912
1054 26
32 565
558 914
225 1125
1234 340
779 1124
890 1147
1234 369
890 1443
1583 1584
1234 1585
890 441
1432 1586
93 301
1432 1587
856 1114
1569 1117
1588 1170
132 149
673 1125
1345 1589
1590 1591
23 66
286 239
1592 164
1012 1204
1593 128
1298 1300
35 259
561 562
35 929
1594 1171
1176 1595
35 556
615 29
1362 783
225 1457
455 115
868 15
882 409
271 1596
1557 467
132 206
287 117
287 468
287 118
287 120
132 213
673 1457
197 722
1495 1476
976 738
605 218
941 741
1043 1044
976 743
433 1597
276 1190
1063 894
152 241
646 101
1012 613
296 917
296 918
296 665
296 666
296 315
1598 1599
460 463
524 5
272 1376
909 868
215 1036
683 1142
1550 680
132 898
132 264
1600 1601
182 1542
4 6
4 709
848 1602
207 1603
818 1604
890 547
709 1087
661 1148
993 672
1099 795
1099 407
1099 1318
262 1193
989 1605
216 1606
1543 1607
1225 843
1225 843
19 1608
1225 1164
1609 450
19 1610
402 653
503 1167
410 928
410 366
350 1224
350 1225
350 1161
868 164
1611 1612
788 482
763 1069
1585 1613
1585 1325
1588 1594
617 369
617 1585
677 1140
30 172
2 824
474 508
23 206
901 310
1614 1615
23 213
1203 1481
1203 1185
599 466
506 1093
506 637
216 1616
18 149
216 1609
119 1617
1618 1486
226 462
276 1223
1618 1411
226 1533
276 1224
276 1225
276 1161
675 99
92 404
479 33
1336 1487
92 1619
479 594
1620 509
15 464
642 1621
1089 463
28 72
398 1095
398 362
195 880
398 1622
195 1309
195 796
195 797
109 1165
590 1030
471 118
1623 1488
1623 1335
471 121
1624 1625
343 1626
1596 1627
100 1022
581 806
581 291
16 196
978 919
474 696
23 264
65 611
639 1628
901 167
479 84
479 85
780 368
66 149
1629 1630
1392 1191
66 152
965 1354
1631 1190
861 938
1632 1278
275 60
149 15
1633 1634
275 553
301 3
410 769
410 487
788 572
410 488
410 489
1635 1636
410 490
410 491
410 492
882 613
1520 1637
1520 1638
1639 1640
1641 1642
1641 1543
1371 1117
1596 718
19 164
960 412
903 124
608 184
1224 657
183 1404
1038 1039
1038 1507
1358 1364
216 450
479 976
73 513
18 898
18 264
461 1643
66 206
1644 1221
276 1645
1644 1222
276 987
1644 1026
1224 1225
1644 496
1224 1161
66 213
1622 1004
1646 1363
83 517
1646 1358
455 1610
4 975
898 163
510 511
243 93
788 1251
116 554
788 975
243 1480
115 1647
115 440
409 613
1580 1611
991 1025
434 207
10 88
744 749
1648 1649
788 5
1648 1650
479 500
1651 1652
288 410
479 668
1012 1017
66 264
0 1302
243 301
0 1303
572 460
243 565
572 463
656 138
386 1653
656 1377
1109 1654
243 1444
10 1328
1655 979
1571 191
372 1057
324 165
427 1053
447 1142
512 1081
507 1656
183 1273
1657 1658
644 369
483 524
444 380
444 798
1659 1660
831 1661
780 1234
831 1662
780 1235
1289 697
491 492
119 1663
119 1061
297 884
903 400
130 1664
115 571
243 337
1172 913
1099 1159
1099 1160
1283 382
1665 1666
201 1269
1667 1668
1289 582
1289 1287
259 1240
65 114
65 115
1669 1670
506 1193
1154 1383
216 1491
831 790
440 571
1375 1671
203 11
83 651
113 241
113 372
149 604
1207 704
119 241
119 372
572 483
773 1672
1358 1673
738 955
84 363
439 1422
84 302
439 751
321 1291
1135 406
321 471
70 691
321 1106
321 472
61 506
372 141
1289 610
1618 1412
1674 1675
1674 1569
1620 683
780 616
780 617
387 1505
875 1341
113 163
553 578
4 332
613 357
4 459
597 1494
271 1676
1677 1297
1677 1298
800 829
529 440
800 830
572 1035
800 70
599 483
788 332
788 459
439 1304
70 692
367 988
61 1093
65 164
55 842
1678 1679
229 1680
1561 1564
1561 1565
780 643
780 644
1681 1682
642 1605
1148 1683
604 1684
1348 394
632 901
1685 831
772 773
772 527
772 528
840 389
1655 47
582 1287
318 1686
1100 1440
1100 789
1100 790
1126 850
187 480
91 329
187 481
176 1614
176 1615
1687 281
1414 1519
592 457
282 1688
1689 1690
1691 1692
604 1057
1464 1465
604 1648
1419 431
387 1523
604 541
1693 1694
946 1593
582 610
946 128
1192 1695
663 1576
1305 1696
1223 843
1223 843
1223 1164
709 5
1697 1546
1697 1009
1697 759
514 215
67 1698
285 218
1699 1700
1172 70
209 1701
1172 912
922 1482
1685 1702
453 15
1703 1704
83 1705
1703 1624
342 1706
113 141
632 310
1707 1462
1707 1492
1707 1586
632 440
1707 1495
83 808
408 1159
408 1160
611 114
611 115
1514 1367
581 1708
1593 687
409 903
464 1709
464 704
485 1325
485 1086
485 1087
909 1027
84 955
84 486
194 1663
1147 1443
1147 441
883 1571
1685 1334
1685 1710
878 29
859 379
828 1705
1000 1450
562 1190
1703 1625
1711 1598
156 1156
0 1712
632 167
736 976
456 1351
975 215
975 5
806 180
806 182
374 1680
1673 1364
1713 1294
613 1201
115 464
213 440
500 824
696 1571
18 436
1220 1714
1715 645
172 31
1479 121
271 1376
1194 972
1194 39
83 1716
700 433
700 1597
613 404
1198 1043
1198 1044
1717 1718
1646 1364
1234 1235
736 500
1719 1720
231 1614
572 6
231 1615
572 709
231 1370
960 1225
38 1194
6 1086
6 1087
1721 1148
652 1722
652 1711
1580 621
372 424
1208 1723
675 600
73 66
559 736
866 1608
562 1223
1724 1725
562 1224
1724 1726
562 1225
1727 1728
562 1161
866 246
348 1223
348 1224
348 1225
348 1161
83 1729
647 18
1688 1450
1434 776
616 369
130 1329
915 542
599 6
91 613
804 1706
140 213
1687 1730
631 85
605 104
147 99
100 321
580 881
100 1291
100 471
240 60
100 1106
100 472
536 149
1731 1618
1571 808
1731 1486
1172 462
1272 1223
1731 1411
1272 1224
213 571
1172 1732
1272 1225
1272 1161
641 1621
1049 1733
559 500
220 982
615 31
455 632
774 388
512 347
1734 1735
1734 1736
851 1737
652 161
851 719
1108 1487
1738 1739
1124 332
1234 616
1738 1489
879 1740
1234 617
463 524
581 195
581 196
197 919
14 453
605 611
1741 1401
536 213
566 33
560 32
1742 1743
1742 1744
276 1165
1208 1275
1435 265
1480 3
248 249
455 119
590 143
1477 769
1477 487
1477 488
1477 489
1477 490
1477 491
1477 492
720 1608
1234 643
1745 1746
652 225
1234 644
715 991
209 449
1747 567
990 165
91 1723
1177 1497
241 372
263 1707
566 85
1208 254
1146 1748
1272 1645
1223 1224
1223 1225
1223 1161
1749 1750
319 329
1452 1751
774 478
771 1672
955 486
113 65
119 605
119 65
119 132
1054 239
113 424
119 376
86 287
1054 1752
86 288
1631 1753
114 950
114 440
779 524
652 265
715 499
1754 1755
715 44
590 1756
715 1025
1268 906
1631 1603
362 710
1757 1758
581 94
916 215
916 5
1535 1427
639 1362
1535 1428
1759 1760
1333 1651
373 105
1333 1652
257 258
593 461
593 1208
593 254
376 241
73 561
73 562
950 1178
1421 1226
1290 481
727 728
547 480
727 298
1632 774
953 813
1392 1268
558 824
1392 906
166 1688
813 1424
774 1761
195 1762
774 1561
1763 1764
774 1564
774 1565
1765 1687
437 356
358 640
614 165
218 429
1477 554
1766 1545
1477 555
1100 164
569 1767
581 484
1768 1769
643 369
533 360
593 367
574 380
736 807
736 33
736 594
1102 1123
929 458
929 309
233 1220
490 491
490 492
268 1736
1336 1107
357 1341
746 97
562 843
562 843
562 1164
562 1770
446 1771
446 551
446 552
565 363
114 571
1434 225
1477 591
967 1772
2 301
2 565
2 566
1135 174
376 1057
613 903
605 115
1686 319
984 1126
1686 323
984 850
1686 329
288 471
288 472
190 1708
256 1773
929 203
736 85
847 875
774 590
1142 1656
86 473
86 411
1576 1774
149 206
113 529
825 503
825 1166
149 213
119 19
119 140
521 1320
882 189
1775 1368
302 3
1363 1673
348 1384
830 1253
411 321
411 1291
411 471
411 1106
783 661
411 472
191 1030
51 228
1024 240
1776 770
4 1299
1135 244
1731 1412
1228 1569
1139 1278
385 386
385 464
854 1423
455 130
275 578
669 160
1631 1777
1778 1542
924 1526
449 1442
1779 1780
396 397
952 673
799 829
83 761
799 830
954 1277
149 264
894 403
1083 1781
931 827
1782 600
931 828
1512 596
1512 598
348 1398
590 1783
920 1466
920 879
1784 1785
1318 1159
283 1786
1318 1160
91 903
572 1067
286 440
1761 1561
1761 1564
1761 1565
605 239
561 657
289 1787
289 777
1025 48
993 402
1666 865
761 1788
736 668
276 957
1061 326
825 448
669 1434
1275 1789
455 901
83 861
149 286
537 163
83 362
1335 158
348 603
558 421
558 422
1790 1791
17 429
17 1592
647 105
1792 1793
920 880
1792 406
477 1794
514 467
1795 1796
118 121
1797 1798
206 241
1272 603
1799 501
451 43
1107 1329
1248 1586
366 310
1248 1800
1248 1587
387 1632
1801 826
411 116
124 404
124 1619
565 955
6 215
187 588
73 1770
1035 215
100 87
1628 1762
286 571
1802 1803
206 163
1669 1635
455 310
227 744
455 440
350 1081
7 1325
7 1086
1190 960
7 1087
1077 762
804 342
683 510
281 205
683 511
1376 362
474 1571
181 1804
1023 803
1805 1806
1805 1734
537 101
613 124
1088 801
89 1045
406 174
179 181
1722 1711
194 429
32 3
83 1807
83 663
1808 689
455 167
849 1602
1278 775
1436 932
1251 5
1666 1742
75 5
93 3
1809 1810
785 1680
64 15
187 1154
285 1714
1805 1715
491 87
1752 583
1752 925
761 95
1811 405
1752 676
1811 1499
379 1812
592 34
341 1376
1666 1527
1813 1814
28 1022
590 1162
669 1435
119 1279
83 1073
119 1633
301 85
617 643
617 644
1190 1161
147 1782
1541 312
147 600
1579 944
1579 620
269 270
1815 1816
138 1133
983 984
91 124
1579 621
270 707
241 424
461 1723
1338 1817
217 450
694 1165
1089 779
561 1223
561 1224
561 1225
29 557
561 1161
1106 117
1280 1807
1106 118
352 999
1426 238
461 988
1251 975
1353 505
340 369
1818 1534
1818 1535
1142 1040
1818 1427
1819 1820
669 1125
1818 1428
612 1821
1697 1429
83 1510
119 105
83 1822
594 85
83 1823
264 104
1824 1825
529 213
310 117
715 844
310 121
310 1129
989 149
1134 1227
341 1826
52 590
1404 1354
1394 1395
1827 1828
1827 1829
1642 1543
1607 1544
1607 1766
1697 1010
669 1457
83 1300
290 1830
338 1490
94 1788
422 566
1060 1552
1225 657
513 682
956 639
919 196
529 441
136 681
1540 1529
1540 1381
1540 277
893 516
1537 638
461 1275
530 1430
261 155
288 87
1831 1832
261 156
167 124
1089 4
1481 1185
1833 1423
1606 450
242 1204
1474 419
609 1419
1474 1834
104 241
104 372
596 598
83 245
83 246
1714 56
1835 1745
1835 1746
666 315
503 858
119 218
632 149
817 1747
817 567
632 194
364 1684
609 432
1691 1801
281 165
172 1022
281 166
411 87
163 440
651 1836
989 1621
461 365
461 254
466 1837
52 454
451 42
48 844
242 1205
1080 65
447 825
104 441
634 693
589 307
589 951
83 1005
34 259
34 929
632 206
595 1512
595 153
34 556
1548 437
1693 1838
632 213
1839 1570
915 5
546 99
332 733
956 1362
1840 1333
461 1841
1840 1651
511 684
461 717
1840 1652
1842 1843
1842 1844
10 1240
132 241
132 372
976 421
500 566
285 114
1097 1572
1097 1573
259 375
288 928
288 366
1148 662
974 258
119 1247
1845 1846
226 71
795 1159
380 798
795 1160
165 1688
1251 459
116 310
1339 1425
1632 1761
136 630
1632 1561
663 1577
342 362
1632 1564
1632 1565
663 1847
1301 1389
663 1447
1301 0
1263 543
1609 1750
1301 1419
1193 221
1419 432
14 1004
1419 435
1848 1402
1283 854
1655 1768
1138 1656
194 1279
893 1536
367 20
532 210
532 737
367 1841
259 458
259 309
65 950
489 490
65 440
489 491
65 1178
489 492
1201 1849
1201 1655
988 1399
1850 281
483 5
445 1771
1851 1852
445 551
445 552
747 748
1262 1853
85 363
85 302
117 468
117 118
479 914
117 120
117 121
1150 1775
808 53
1684 1854
1684 1667
243 3
1320 1305
1320 1306
264 115
983 1126
983 850
532 46
1855 1856
367 1475
367 818
259 203
100 473
100 411
100 116
259 475
89 682
1141 1252
213 898
288 769
213 264
288 487
1055 83
1080 529
288 489
447 503
288 491
1857 1631
1846 1858
761 979
969 1483
516 1631
194 943
1646 1673
1182 834
1150 177
604 26
83 1685
1684 1057
1684 1648
1859 1860
829 1253
985 1090
1362 1721
1362 661
273 505
572 524
1861 543
474 191
1687 1371
1054 583
1687 1372
174 1212
709 7
542 1819
1857 1777
1290 187
509 1142
825 1440
761 1643
825 789
18 372
953 1276
953 1277
997 1028
537 19
537 529
985 498
609 619
1861 470
264 239
491 554
1429 1010
804 362
491 555
1175 1595
928 87
652 401
1665 865
1300 518
1747 568
993 160
259 538
819 576
819 577
1166 83
1265 1605
17 64
479 422
61 262
1822 1823
982 703
1432 1248
455 164
1862 1863
66 241
489 87
1264 895
1616 450
347 843
347 843
347 1164
711 1324
1227 1228
265 1457
241 423
491 591
206 1319
1732 1864
1655 46
883 1013
1865 1866
1867 1868
928 310
1413 726
542 1820
1139 774
1869 1870
1524 853
473 411
473 116
883 222
1709 704
558 566
268 706
268 707
19 581
1741 1400
556 1241
203 260
85 955
85 486
190 1871
1443 441
1872 400
611 440
1873 1874
1872 1831
401 952
1875 1876
1877 1878
1704 1625
123 125
870 1596
1655 123
1879 1713
613 196
1869 1557
806 291
613 83
807 631
1093 1880
1881 1833
258 1438
1882 1883
152 104
1389 1072
262 1884
1730 1571
227 1183
916 788
916 482
17 194
19 233
348 1081
189 1708
83 1086
382 968
1620 510
1620 511
613 1885
92 613
1135 405
457 803
1886 1641
1886 1642
1886 1543
1887 1888
91 1889
91 1460
1190 412
615 589
615 28
1272 1081
110 610
928 1132
653 193
148 675
216 645
514 1890
653 952
16 1574
1891 1659
1892 1893
1012 1835
517 417
195 1748
215 75
215 5
982 221
982 222
166 539
764 1562
611 571
33 3
173 406
611 15
785 374
808 1030
297 859
444 1894
764 1376
1895 1896
1665 1527
572 4
1271 1897
897 1036
25 1388
1480 85
1586 1587
589 1022
916 572
1377 1303
916 4
643 644
1377 926
221 52
86 321
86 1291
86 471
19 149
268 269
268 270
1808 690
841 27
553 59
586 1733
92 1723
64 311
196 602
196 603
1008 1038
1008 1039
1898 1899
1898 1900
1437 1814
1202 1849
615 30
1901 1902
1284 1903
615 172
1531 1904
1531 1596
572 1251
572 975
993 1435
1198 1042
916 1251
916 975
487 117
537 133
1905 1906
19 213
1903 854
1907 1908
985 44
630 681
909 580
272 297
62 63
1028 1029
976 660
1133 1227
185 1909
132 376
1433 1910
764 1826
507 959
743 500
880 1338
1393 1394
1911 1460
1393 1395
1912 1913
993 1125
337 338
19 285
64 89
1536 638
463 5
323 329
1914 588
772 1672
459 155
459 156
241 26
1153 124
1915 1916
993 1457
878 310
1054 571
798 381
455 296
221 661
1275 511
455 149
831 826
455 194
30 1022
1917 1918
546 600
1265 1621
521 467
599 1837
821 1919
1318 408
1920 1921
132 18
132 537
1922 1923
1191 1268
1621 1605
124 1924
124 294
995 997
124 1684
474 808
201 1925
206 105
574 381
613 242
572 599
1926 1927
350 657
592 929
426 136
410 554
1158 1512
410 555
916 599
946 175
1158 153
1597 434
1597 207
592 36
455 213
865 1527
1124 523
325 1050
239 1752
524 1557
738 565
738 566
1003 1928
976 594
132 19
70 912
1023 458
1023 309
474 883
124 1146
287 928
204 1850
287 366
741 1749
572 332
411 310
883 1062
847 1341
883 40
410 591
410 1929
152 239
916 459
353 1390
353 358
1041 809
353 640
489 554
489 555
449 216
119 104
1723 1911
92 903
976 631
1420 454
272 764
272 341
1023 203
1509 1510
488 489
488 490
488 491
1343 60
488 492
1721 186
204 281
206 218
89 296
1472 5
204 990
350 1384
1930 1931
1930 1932
696 1062
894 1064
696 40
489 591
1149 1150
294 1684
113 611
119 195
119 83
119 611
1073 1036
512 1165
1388 256
1320 522
733 1299
632 130
940 83
287 487
531 83
287 489
287 491
350 1398
18 537
73 1223
486 3
160 776
83 201
83 55
293 1090
1096 1593
1096 128
1933 1934
155 1156
455 341
613 320
1907 456
790 1128
976 668
529 27
1765 1371
1765 1372
