0 1
2 3
4 5
6 7
8 9
10 11
12 13
12 14
15 16
17 18
19 20
6 21
22 23
24 25
26 27
27 28
22 29
12 30
9 31
32 33
34 35
36 37
38 39
22 10
9 40
41 42
43 44
43 45
46 47
48 49
50 51
52 53
46 54
55 56
57 58
59 41
60 61
23 62
46 63
55 64
65 66
67 68
69 70
60 71
52 31
72 60
2 73
74 75
46 76
77 78
79 80
81 78
82 83
84 85
74 86
87 88
89 90
55 91
74 92
93 94
95 96
67 97
98 51
52 99
100 101
102 103
104 105
67 106
67 107
108 109
88 110
49 111
112 113
114 115
116 65
117 77
118 119
89 120
121 78
117 122
123 124
125 113
118 126
127 128
129 130
74 131
116 132
127 81
74 133
134 19
135 1
113 136
120 12
137 136
138 139
140 141
74 142
143 144
51 145
146 147
148 149
148 150
113 151
127 152
85 153
154 155
143 156
113 157
143 158
159 11
160 161
162 163
11 164
160 101
1 165
166 65
167 168
162 145
169 170
171 21
172 173
174 175
134 176
11 177
167 178
1 179
11 180
11 88
130 181
182 183
134 166
130 184
1 185
186 146
1 187
134 120
161 188
189 190
191 83
192 193
176 194
195 196
197 198
167 199
152 200
167 201
130 63
202 203
167 204
174 205
167 206
167 207
208 209
210 211
152 212
213 214
130 76
215 38
213 216
217 218
219 67
220 221
222 223
224 77
225 226
227 228
229 230
203 5
227 231
217 232
229 113
227 233
35 234
235 74
236 38
237 220
76 238
239 240
21 241
242 29
12 243
244 245
12 246
247 248
12 185
6 249
8 250
62 122
251 198
247 252
46 253
64 254
36 255
55 164
60 256
250 257
258 11
258 259
260 261
262 263
23 77
56 264
265 266
23 267
268 39
269 270
60 99
271 157
23 272
273 1
232 90
274 11
275 276
67 277
67 278
67 279
95 280
281 282
262 121
283 105
67 161
284 79
285 286
287 146
288 289
95 290
291 132
292 120
143 168
285 293
276 294
46 295
127 165
143 296
283 152
117 22
285 82
51 297
113 298
299 300
143 186
299 301
74 302
113 303
11 304
113 305
143 306
143 307
308 251
143 309
143 310
113 311
312 313
154 314
143 199
315 299
316 317
318 319
143 204
312 320
1 321
322 323
324 325
326 327
198 328
329 160
308 6
174 53
128 330
189 331
162 332
333 11
1 97
174 334
335 6
326 336
11 337
166 338
167 339
1 340
341 130
342 74
167 343
152 344
345 87
346 347
167 348
349 350
351 352
353 63
152 354
215 113
134 355
44 356
357 23
290 358
210 359
346 120
7 146
290 360
174 361
362 115
167 363
176 20
210 33
290 364
365 74
357 29
366 367
220 368
208 23
369 112
370 38
217 371
290 1
372 5
243 1
345 111
373 374
375 376
213 377
213 378
379 239
380 260
381 382
200 383
384 60
12 385
237 191
386 387
388 207
12 321
389 146
390 221
391 300
392 393
394 395
354 23
11 396
12 397
6 250
391 398
11 399
22 62
400 349
401 26
402 176
244 403
404 405
12 340
24 111
401 406
247 407
408 166
409 111
244 116
410 130
36 411
11 412
254 371
413 214
414 165
8 12
80 415
416 417
418 38
46 354
60 319
36 114
60 419
100 96
60 420
258 421
413 422
218 79
423 390
93 424
425 426
274 104
55 337
23 260
56 427
428 9
284 9
240 429
423 76
157 62
60 188
67 313
67 220
89 102
67 241
430 431
49 83
148 432
262 173
67 433
434 93
283 165
148 396
148 399
102 435
436 299
127 385
51 437
154 35
107 9
283 48
438 152
439 359
115 223
51 440
174 441
104 442
299 443
283 444
113 220
143 445
143 371
113 103
51 446
154 447
448 80
449 38
232 450
333 148
308 67
172 391
451 452
453 176
107 110
51 120
454 162
454 11
11 297
455 303
171 456
113 269
11 115
457 2
458 459
446 11
162 460
1 461
451 130
462 463
464 65
1 465
1 466
379 154
167 467
189 31
174 468
167 469
470 62
301 471
167 472
318 11
167 473
191 277
189 40
379 143
162 474
173 475
174 476
189 428
152 477
478 479
182 480
301 481
357 299
482 167
170 36
182 483
167 484
329 485
1 486
130 431
202 487
182 488
182 489
167 490
167 250
182 3
182 491
152 14
478 492
379 254
130 493
326 38
290 494
495 470
152 496
497 498
167 499
174 500
357 270
220 501
502 113
167 503
167 504
322 265
345 203
505 319
231 506
167 507
167 508
213 509
213 510
167 511
167 512
357 101
513 437
345 235
213 52
514 81
515 516
517 162
518 215
6 35
289 438
519 520
521 198
389 522
209 523
2 524
406 276
12 465
525 526
237 139
390 176
12 466
426 79
398 88
527 528
529 146
247 530
32 354
194 531
423 35
247 532
65 531
80 96
238 414
36 191
423 253
80 533
175 27
55 534
267 14
44 535
80 536
80 77
537 130
169 448
36 538
44 539
34 471
44 540
175 198
265 183
44 541
44 542
145 41
77 543
44 544
326 545
546 85
265 90
271 251
55 233
434 547
548 17
48 549
67 100
240 161
269 198
67 96
550 439
268 290
41 551
67 191
34 552
126 220
88 553
56 554
72 555
363 286
556 326
102 557
558 130
67 559
77 234
265 79
67 506
67 560
561 562
116 410
62 563
37 115
564 277
67 167
67 98
395 430
256 5
117 164
515 565
120 566
120 83
567 284
436 210
283 10
113 175
567 48
283 107
436 265
148 263
454 148
51 445
74 568
146 569
570 571
51 572
160 260
113 264
283 442
143 372
143 473
160 280
127 417
146 573
436 234
148 164
143 574
143 575
51 409
143 576
159 577
127 238
154 422
143 578
143 579
162 580
148 180
143 4
161 581
143 314
326 582
326 583
148 88
584 65
299 25
299 76
326 345
326 346
162 585
317 152
586 587
130 588
134 589
590 51
591 592
326 593
202 299
594 414
167 595
1 596
130 95
1 190
379 521
329 144
182 597
342 598
471 60
167 225
189 599
323 113
326 600
1 601
326 551
379 589
1 602
603 604
329 605
357 84
152 74
326 24
606 67
130 607
608 250
290 310
322 609
208 62
152 78
208 415
130 382
130 610
611 612
208 84
213 613
614 209
130 615
208 265
519 344
300 530
229 375
357 234
103 1
33 79
382 616
617 618
213 619
241 110
176 93
224 357
620 621
130 622
623 44
426 85
208 234
208 39
398 104
624 625
626 176
220 76
627 25
380 130
6 216
628 442
618 23
354 62
242 77
549 313
12 248
277 22
6 493
406 77
629 630
38 631
406 264
12 596
406 632
32 51
12 234
613 93
288 78
80 633
22 634
12 601
635 1
354 234
9 636
12 602
145 11
41 637
391 76
251 11
9 638
639 83
41 147
20 640
32 641
22 618
46 287
55 642
612 643
60 644
60 645
67 53
282 167
423 646
77 267
67 260
383 111
77 647
89 354
102 631
385 1
648 267
67 280
67 137
293 649
265 470
650 152
67 530
102 172
651 65
648 647
120 652
653 654
102 162
120 23
655 76
78 656
284 12
67 657
116 605
292 146
120 29
658 261
120 10
349 549
394 143
232 274
154 659
659 143
660 661
78 566
217 329
127 662
154 95
117 173
113 663
118 1
299 35
664 130
160 665
146 666
127 251
384 667
74 668
127 220
113 427
148 669
154 548
259 164
670 9
150 63
51 671
439 447
148 145
74 205
128 209
672 36
96 76
673 436
137 132
137 674
113 132
171 336
675 74
128 83
148 337
676 379
590 582
677 678
326 147
167 679
1 680
174 681
682 683
29 49
130 583
167 684
351 670
130 685
44 71
686 78
130 687
162 688
1 272
478 343
189 689
682 329
152 416
83 11
189 690
471 691
152 692
167 693
130 694
464 88
345 68
182 695
590 78
290 339
696 385
278 553
152 23
130 593
329 7
152 367
357 77
152 29
208 697
33 189
167 291
176 107
329 698
208 77
611 349
152 699
696 10
130 93
700 65
33 470
345 701
152 429
702 703
375 318
208 647
219 341
373 704
213 238
581 76
426 617
705 120
10 472
514 10
6 95
426 32
12 697
626 110
409 37
518 41
237 130
406 706
99 65
707 708
354 267
213 182
390 709
242 392
213 710
401 419
254 679
196 711
39 265
712 531
26 702
9 713
678 452
17 376
48 437
145 173
714 41
46 136
26 221
48 391
213 19
251 360
665 9
279 639
100 452
9 207
678 130
715 62
255 111
260 496
55 716
46 10
262 193
267 699
80 717
648 718
67 719
547 115
265 484
34 279
49 313
60 720
48 120
67 721
434 241
265 250
89 51
271 290
49 241
67 722
274 723
193 152
89 648
291 702
120 299
67 56
292 553
677 155
78 724
67 64
283 312
116 176
436 53
104 506
349 223
349 725
726 287
127 727
728 377
436 495
285 729
78 730
577 11
726 546
160 452
127 77
125 132
285 146
148 144
270 290
259 669
154 471
143 679
283 497
127 67
123 11
506 110
154 481
154 731
113 732
113 733
51 212
160 130
127 518
154 734
148 82
735 736
107 555
143 737
143 738
127 98
143 422
154 24
113 739
44 740
169 547
283 455
143 646
143 741
159 366
171 742
11 743
1 744
534 107
312 11
698 41
455 745
44 260
746 113
446 747
167 748
189 645
167 95
134 378
134 377
167 749
167 750
130 136
478 390
167 14
357 53
210 588
290 469
189 751
152 124
611 752
701 260
753 754
130 8
130 29
130 10
357 706
243 143
197 228
139 209
290 490
208 718
379 38
378 65
208 495
176 277
130 157
152 755
329 363
213 406
130 429
152 278
208 756
757 437
176 161
152 101
380 16
758 754
759 22
213 94
514 759
208 22
322 760
220 653
198 60
709 221
761 547
437 261
6 583
386 10
515 130
12 49
513 146
2 270
391 87
289 43
97 510
354 718
457 67
247 762
391 553
12 40
714 130
391 174
242 414
247 549
8 10
37 328
11 763
27 114
682 247
39 267
764 529
162 765
537 766
423 767
17 197
254 768
280 473
769 245
401 130
770 634
22 11
771 113
87 353
772 237
682 409
55 743
260 74
50 706
52 193
537 120
23 581
36 11
265 595
55 590
284 128
126 773
265 200
258 76
755 738
67 452
132 774
79 775
56 221
48 110
284 776
428 776
269 130
67 603
67 130
434 46
88 302
706 267
120 415
116 777
49 778
67 121
79 641
63 11
283 533
433 189
114 378
104 779
67 88
283 529
283 77
98 132
283 67
116 189
78 780
436 781
651 88
576 60
113 782
104 745
113 783
485 161
438 262
127 49
127 784
120 459
112 41
113 785
436 726
414 786
117 79
143 748
439 413
414 787
113 788
113 380
128 789
143 13
143 14
143 768
361 790
113 791
154 505
11 253
143 203
127 22
148 446
792 793
481 414
11 794
127 290
698 11
148 642
51 291
134 345
113 795
127 796
164 692
797 120
1 798
455 414
326 411
134 510
670 12
11 799
591 275
326 800
346 95
167 801
161 143
78 802
212 1
335 1
189 636
333 366
1 803
1 804
152 805
167 451
806 130
167 807
78 808
182 809
167 510
134 52
130 124
182 810
130 298
189 720
811 812
174 813
130 598
621 130
176 62
189 638
323 241
1 814
152 415
357 781
202 815
182 113
33 595
482 1
417 816
167 817
152 313
130 303
759 519
215 137
419 691
33 200
818 74
167 185
366 781
130 305
213 761
167 819
241 214
357 726
495 641
167 820
152 568
329 434
182 821
822 762
823 174
300 266
208 726
220 117
705 617
210 196
822 537
120 824
357 717
200 267
210 153
213 632
701 41
300 173
345 269
213 126
437 143
582 130
825 152
514 241
167 826
213 827
828 220
198 25
12 798
6 367
214 65
521 549
247 581
418 100
707 414
242 357
457 137
829 51
12 599
662 414
12 803
9 830
97 831
221 264
402 524
408 757
455 672
409 234
406 162
38 832
15 113
402 152
36 104
423 385
12 814
36 125
189 507
682 472
194 509
682 143
9 833
46 62
36 628
189 512
44 834
34 439
619 65
65 509
835 65
251 310
43 674
46 265
39 22
254 734
80 266
48 54
26 570
80 549
423 836
423 10
265 354
69 837
267 234
254 24
558 501
65 600
80 173
34 746
41 71
102 300
556 65
52 390
67 485
265 653
169 453
81 11
77 11
648 357
100 838
67 242
287 62
67 839
840 260
117 841
135 51
842 682
326 843
395 326
67 844
485 313
104 630
630 37
283 49
117 845
291 754
78 313
112 130
98 414
120 559
292 52
102 232
659 95
287 234
120 647
466 414
283 31
846 224
846 357
414 796
121 11
485 6
283 392
439 258
51 81
439 209
51 117
174 847
78 459
74 848
113 849
74 690
154 255
143 471
454 850
146 851
154 270
844 392
146 852
146 853
143 731
439 83
74 180
439 48
51 854
113 335
143 481
672 6
51 152
113 855
146 856
162 317
146 857
143 734
143 185
51 30
161 35
148 363
162 51
501 1
134 613
326 858
143 24
140 209
326 116
174 9
859 482
189 713
167 613
326 198
346 451
167 0
860 861
568 88
191 130
1 259
495 481
189 201
1 862
65 863
29 549
130 241
33 354
832 734
167 397
167 505
152 536
189 207
167 340
210 23
65 864
167 831
123 840
822 581
124 459
152 559
66 865
718 267
65 866
572 37
130 867
213 334
213 424
342 760
130 39
33 653
224 841
696 267
220 258
210 10
818 505
342 41
208 357
208 788
220 74
322 868
718 625
176 869
628 779
709 438
505 754
224 33
213 870
683 871
101 77
213 872
322 873
459 692
101 267
426 648
709 774
247 437
237 176
2 769
874 875
876 1
247 391
247 368
235 162
32 805
62 85
244 437
398 76
8 248
242 514
559 78
408 196
12 862
401 221
423 299
80 144
247 120
783 252
176 328
41 666
678 877
9 226
385 143
770 11
23 85
265 878
755 481
423 879
265 14
67 581
385 254
50 162
67 880
89 299
79 23
452 162
655 113
60 881
84 62
67 195
56 110
558 390
74 882
102 585
84 265
67 82
82 1
93 363
56 661
262 462
840 883
55 399
120 495
114 619
558 237
78 884
726 543
564 130
690 9
283 420
55 412
885 356
95 688
89 101
104 177
747 880
74 644
78 886
114 442
51 165
154 662
438 132
283 338
113 887
120 618
110 238
150 78
143 888
127 164
113 221
113 293
495 889
125 1
143 487
143 890
143 891
892 414
51 243
196 835
893 9
143 894
439 107
137 494
895 240
670 776
148 743
11 105
154 268
51 185
159 17
495 896
299 10
107 897
148 898
1 899
143 340
675 150
148 590
893 60
326 740
189 900
326 260
162 566
495 23
167 124
746 497
152 901
189 902
219 72
329 214
124 559
152 49
685 758
174 691
326 903
326 99
189 904
119 41
818 905
152 634
155 877
182 270
326 464
152 280
167 906
215 130
718 495
300 301
67 907
322 702
182 277
241 165
167 908
176 137
322 887
379 101
33 378
357 549
33 152
152 22
236 452
375 116
176 290
192 252
176 464
192 6
718 22
101 718
220 107
0 367
35 60
761 909
236 130
756 85
426 113
426 287
12 899
613 65
392 11
10 83
209 9
406 702
101 618
389 910
12 911
247 912
12 549
406 221
254 735
244 438
213 325
39 357
682 344
218 23
46 53
258 750
537 225
391 897
549 1
252 525
239 604
712 509
46 495
178 137
46 31
100 247
556 240
755 891
37 913
547 914
46 392
547 915
265 287
648 581
193 265
413 464
547 916
298 660
46 22
67 391
547 405
89 210
725 285
98 148
710 917
102 50
127 918
67 877
67 446
95 521
84 267
496 841
117 253
104 919
78 666
556 88
283 835
566 920
98 514
116 174
120 475
244 72
283 357
664 47
846 80
51 385
921 262
120 414
726 267
113 922
570 264
918 167
117 12
127 145
154 198
283 846
113 923
726 625
143 461
113 176
192 478
51 924
143 465
143 925
113 211
192 893
143 466
11 230
143 926
11 656
53 641
143 879
333 51
51 686
44 790
927 858
44 16
143 707
927 403
698 928
326 319
299 486
196 173
195 108
326 584
470 183
134 94
312 904
478 74
370 452
169 139
152 781
130 784
329 95
191 66
130 663
283 89
239 929
617 580
379 251
1 930
626 931
176 781
152 798
290 510
167 94
290 807
210 62
174 589
326 188
167 596
290 731
83 76
130 932
326 739
478 24
210 265
345 933
370 130
750 180
167 601
174 12
167 602
130 22
202 173
855 37
290 24
516 143
676 130
515 841
33 934
502 130
909 23
582 766
236 537
935 176
35 143
375 428
515 623
366 936
929 895
220 279
277 777
702 107
714 683
35 691
101 660
929 154
235 937
761 65
35 254
10 29
6 198
635 386
97 938
418 452
406 391
97 939
12 636
552 130
344 349
714 60
552 11
618 11
418 130
559 417
12 930
8 392
55 940
55 258
279 174
15 941
892 842
942 561
55 656
27 11
423 439
771 727
36 359
327 146
209 76
423 191
64 290
80 845
710 97
9 943
423 67
132 878
55 944
32 22
258 78
36 723
194 94
56 194
22 470
537 111
251 736
36 774
279 291
265 23
281 439
52 878
561 265
224 945
80 249
423 98
67 247
67 359
182 379
84 495
326 946
100 76
466 947
558 653
49 948
52 696
104 947
262 83
281 167
67 363
95 197
63 110
98 82
648 79
49 1
292 262
114 94
104 115
846 391
95 653
117 174
84 22
449 452
283 242
51 735
283 549
150 124
439 949
436 90
154 256
118 342
113 777
127 297
127 195
439 313
449 130
454 51
113 950
97 951
308 154
51 466
127 82
154 952
143 248
51 953
355 113
954 433
844 955
51 238
308 143
137 110
317 594
436 79
439 497
1 168
113 956
143 596
453 303
1 296
957 130
127 802
154 627
143 601
160 76
308 709
11 924
143 602
1 958
1 440
127 808
182 959
78 960
11 106
170 762
333 78
167 858
78 399
189 595
182 961
11 730
174 962
379 175
591 294
482 143
130 963
134 632
470 85
964 827
1 309
1 965
451 38
1 199
167 198
11 442
182 27
167 939
167 264
182 96
326 689
1 204
155 143
174 966
182 191
167 118
189 967
167 647
33 23
182 968
152 164
167 829
617 32
167 969
210 267
379 167
130 404
167 970
213 971
290 831
167 827
497 111
696 357
152 11
818 972
167 591
167 973
345 130
152 259
167 974
329 24
182 167
307 414
210 625
322 754
152 88
357 120
877 11
224 695
220 941
614 130
628 818
210 975
167 976
167 977
167 978
213 364
208 120
217 715
683 979
208 79
12 296
390 138
813 980
384 625
6 981
242 247
209 253
457 605
524 152
12 713
27 104
277 76
982 41
941 176
409 11
218 62
12 199
9 230
618 173
57 419
643 60
55 68
34 983
38 493
12 207
247 212
288 11
60 984
80 480
240 301
423 49
985 560
80 483
9 246
240 90
22 250
406 661
38 291
265 299
80 489
41 681
132 986
537 152
132 209
55 106
987 789
46 208
41 644
546 62
650 519
240 642
755 988
274 547
48 83
558 117
89 53
452 832
265 270
271 348
52 113
274 37
60 383
79 77
102 728
65 827
49 221
79 267
37 724
56 111
102 174
648 33
193 132
326 989
79 647
232 198
377 228
118 51
653 62
990 11
78 991
325 113
67 76
89 22
846 247
992 257
436 193
127 437
270 60
114 827
116 52
120 173
113 181
117 152
154 419
37 442
146 993
900 9
846 409
456 97
78 180
146 994
51 312
458 154
148 81
154 722
51 248
74 409
160 521
154 995
501 143
74 110
143 198
160 200
996 590
454 74
154 997
154 56
11 735
51 262
455 247
127 998
900 754
557 391
299 267
975 74
454 78
436 470
127 120
174 587
148 152
51 459
134 424
134 334
453 262
11 780
895 176
162 312
999 60
1 371
11 953
1 445
189 344
162 1000
162 251
167 424
189 336
212 12
1 723
169 1001
326 537
182 633
495 267
397 1
174 776
822 370
44 716
1002 44
686 11
606 895
124 164
326 643
357 841
33 759
603 172
167 640
346 1003
326 1004
927 188
167 1005
191 110
482 12
130 788
611 1006
167 1007
167 870
590 11
167 1008
502 702
152 987
611 608
379 290
701 60
124 180
130 791
130 11
357 33
329 107
152 549
130 430
152 1009
152 173
130 795
696 549
208 33
300 146
357 470
220 559
426 805
628 115
384 706
426 62
426 210
1010 497
437 29
10 62
224 152
948 11
101 266
517 606
101 549
313 11
2 485
1011 941
12 445
421 180
288 148
390 220
1012 1013
38 95
418 1014
401 35
9 1015
1016 825
247 1017
9 321
559 632
254 871
32 224
194 901
55 138
57 400
80 597
65 424
48 385
550 34
271 154
55 270
132 692
38 235
60 230
9 1018
265 62
712 94
330 321
423 56
20 589
265 415
46 948
271 143
41 1019
262 299
558 258
48 10
950 1020
74 1021
634 883
132 107
89 781
79 495
558 113
990 104
434 713
102 202
41 1022
52 107
265 234
990 1023
840 218
67 447
283 437
114 779
405 11
283 300
79 618
160 423
120 80
485 655
262 101
292 392
112 390
160 239
438 887
438 605
78 145
125 102
270 143
653 267
55 1024
113 194
127 885
148 767
127 572
113 1025
51 77
143 871
283 120
127 845
51 149
320 635
148 656
270 25
324 280
902 9
143 815
453 727
113 376
481 691
127 409
143 1026
113 1027
127 58
317 104
453 67
148 944
143 952
355 255
51 272
271 1028
227 611
113 387
181 41
1 654
196 60
162 1029
501 520
113 1030
439 464
148 1031
1 1032
501 12
299 132
189 1033
1 1034
299 22
805 265
162 884
299 618
143 627
189 749
673 552
167 1035
1 473
162 559
1 671
219 2
1 833
167 594
189 1036
495 634
1 796
904 936
33 805
326 228
927 689
329 1037
495 756
676 478
67 1038
189 943
173 546
167 732
362 439
210 781
167 733
1039 102
167 803
357 184
33 265
167 804
219 1039
329 270
130 948
152 285
167 404
581 96
130 855
208 184
174 1040
357 250
818 64
530 9
210 1041
611 699
581 647
101 581
208 484
213 176
101 1042
1006 365
220 903
912 9
909 506
213 166
101 80
224 546
709 113
213 120
1043 547
996 244
12 830
912 189
390 1044
1016 534
12 473
607 10
549 143
27 183
39 85
12 833
235 25
145 74
390 829
239 220
710 727
39 33
423 240
254 722
48 299
127 455
46 887
251 78
244 152
80 1017
755 256
41 752
32 173
551 1045
385 29
771 130
251 24
265 77
69 331
127 288
265 267
69 77
678 38
102 767
434 885
41 998
405 104
547 302
634 11
25 360
655 137
52 277
265 715
50 76
87 975
49 261
100 38
49 409
102 546
89 208
52 161
79 1041
114 630
1046 302
485 80
78 297
102 1047
992 345
89 846
706 249
123 750
747 69
117 10
911 1
842 797
1048 209
113 69
664 113
449 923
113 684
283 409
138 780
51 49
97 1049
148 724
111 1050
762 250
51 634
143 798
143 419
501 553
659 290
259 944
154 360
143 995
429 1051
148 924
137 555
143 1052
143 1053
143 997
895 154
148 106
113 1046
143 803
51 290
439 64
127 76
51 618
299 414
160 38
880 907
805 77
143 814
162 706
159 992
805 267
345 1054
191 353
11 886
119 60
283 565
90 11
943 947
927 645
167 57
167 1011
83 78
355 329
152 437
130 702
189 600
130 887
152 300
130 1014
326 1055
167 603
152 391
44 520
290 198
781 267
611 1056
167 689
346 414
326 698
495 1041
290 939
33 77
887 37
696 300
130 1057
290 407
33 267
167 862
1004 65
357 200
241 663
210 357
174 920
345 766
152 877
130 639
174 1058
281 55
696 176
329 497
213 777
192 549
152 642
152 120
208 200
329 433
515 128
152 1059
152 79
696 120
426 53
714 271
235 498
437 313
322 1060
167 1061
604 146
855 1062
224 157
426 1063
101 120
560 220
10 290
247 1064
348 189
27 777
10 464
391 933
145 37
406 571
209 287
390 132
391 660
585 51
710 740
11 808
221 774
15 130
414 574
27 249
46 218
452 253
80 768
1065 41
218 717
265 718
712 870
80 854
265 495
265 634
77 695
950 941
23 770
46 928
67 117
52 941
23 10
67 413
67 768
634 173
67 670
49 63
95 1066
660 706
117 299
89 266
942 339
558 279
49 254
556 927
648 1067
67 696
67 38
232 177
120 261
104 589
570 702
840 499
74 553
154 581
113 588
95 101
436 354
148 735
97 1068
797 299
123 78
570 221
97 75
113 1069
117 101
283 76
299 631
436 653
324 130
97 1070
97 1071
90 104
113 140
162 519
312 74
113 615
458 152
1 679
11 779
143 862
312 78
189 321
167 899
170 102
167 1072
1 737
202 35
78 763
182 1073
134 364
130 922
189 151
167 358
781 634
1 646
130 923
419 5
130 577
326 716
362 630
167 364
611 662
130 832
822 583
213 531
301 314
290 1007
152 723
822 345
478 127
167 1074
182 364
167 1
152 409
345 60
208 354
606 1048
219 138
403 65
378 20
470 641
329 778
220 224
167 1075
357 653
323 34
167 1076
290 627
822 593
33 618
384 104
220 130
208 653
101 359
313 7
167 1070
426 726
167 1071
97 16
582 38
277 78
12 679
344 386
242 51
24 60
524 497
1012 36
912 12
113 1077
815 5
2 249
12 737
391 631
252 691
409 110
247 10
22 209
242 152
55 740
80 1078
12 646
348 927
26 276
22 287
26 406
1079 410
113 1080
80 940
57 176
55 260
46 85
682 67
55 634
36 74
17 11
585 78
251 270
406 30
17 177
22 185
132 27
44 1081
32 120
265 781
333 160
556 423
44 1082
32 79
132 77
46 33
93 735
46 754
52 27
423 82
80 185
80 821
423 639
634 80
240 555
265 726
267 470
81 413
189 843
273 414
547 568
63 685
67 209
269 243
60 252
265 1041
558 941
114 971
287 85
655 130
121 128
326 937
112 117
67 48
67 83
67 292
325 27
121 105
117 210
283 35
1083 865
37 779
845 11
283 253
67 393
285 263
120 143
648 641
116 67
2 326
428 1
78 572
842 19
658 414
146 1084
259 735
120 1085
733 1086
78 409
120 688
51 991
143 899
436 648
146 1087
515 665
51 1088
762 111
116 591
458 345
113 694
846 152
846 696
113 287
455 51
146 374
456 290
154 310
436 1089
143 360
113 401
458 449
113 1047
148 497
859 308
454 996
154 980
146 1031
113 93
397 143
160 429
746 90
1 750
1 13
301 35
1 14
167 581
326 703
454 127
130 443
33 781
162 180
497 313
326 1090
111 68
210 581
83 238
130 950
447 290
167 494
781 660
167 82
191 38
719 1002
210 80
887 241
167 592
167 930
152 484
696 143
130 956
300 29
357 378
224 543
152 254
375 438
342 1091
629 1012
322 1092
33 717
208 14
152 25
357 1089
152 76
208 1093
517 149
683 35
322 1094
626 781
213 589
521 385
696 76
1006 113
426 224
12 1033
12 748
